1.000000000000000021e-02 0.000000000000000000e+00
2.000000000000000042e-02 1.599653291339387729e-09
2.999999999999999889e-02 9.695758982581623280e-09
4.000000000000000083e-02 3.527283857971583642e-08
5.000000000000000278e-02 9.768265688331270326e-08
6.000000000000000472e-02 2.270083441700962537e-07
7.000000000000000666e-02 4.664086527107767253e-07
8.000000000000000167e-02 8.744380067832673078e-07
8.999999999999999667e-02 1.527338032562502799e-06
9.999999999999999167e-02 2.521296294934462214e-06
1.099999999999999867e-01 3.974668016786879478e-06
1.199999999999999817e-01 6.030156611459648922e-06
1.299999999999999767e-01 8.856948920564214009e-06
1.399999999999999856e-01 1.265280111721628471e-05
1.499999999999999944e-01 1.764607130880453732e-05
1.600000000000000033e-01 2.409769495367397683e-05
1.700000000000000122e-01 3.230309929246570752e-05
1.800000000000000211e-01 4.259405308724803659e-05
1.900000000000000300e-01 5.534044805991335177e-05
2.000000000000000389e-01 7.095200852550916386e-05
2.100000000000000477e-01 8.987992582612199573e-05
2.200000000000000566e-01 1.126184142865314567e-04
2.300000000000000655e-01 1.397061855339841929e-04
2.400000000000000744e-01 1.717278381509797637e-04
2.500000000000000555e-01 2.093151597617794461e-04
2.600000000000000644e-01 2.531483387903042648e-04
2.700000000000000733e-01 3.039570832690273515e-04
2.800000000000000822e-01 3.625216442252300001e-04
2.900000000000000910e-01 4.296737413224069888e-04
3.000000000000000999e-01 5.062973885904997924e-04
3.100000000000001088e-01 5.933296182388094007e-04
3.200000000000001177e-01 6.917611007096988738e-04
3.300000000000001266e-01 8.026366592993290161e-04
3.400000000000001354e-01 9.270556778434486684e-04
3.500000000000001443e-01 1.066172400141467700e-03
3.600000000000001532e-01 1.221196119970419797e-03
3.700000000000001621e-01 1.393391260721730997e-03
3.800000000000001710e-01 1.584077343877678210e-03
3.900000000000001799e-01 1.794628845730791324e-03
4.000000000000001887e-01 2.026474941937916451e-03
4.100000000000001976e-01 2.281099139690954958e-03
4.200000000000002065e-01 2.560038797478092834e-03
4.300000000000002154e-01 2.864884532602348342e-03
4.400000000000002243e-01 3.197279516818162838e-03
4.500000000000002331e-01 3.558918660641209163e-03
4.600000000000002420e-01 3.951547687081281325e-03
4.700000000000002509e-01 4.376962095742678409e-03
4.800000000000002598e-01 4.837006018430595189e-03
4.900000000000002687e-01 5.333570967595294837e-03
5.000000000000002220e-01 5.868594479137930267e-03
5.100000000000002309e-01 6.444058651292414869e-03
5.200000000000002398e-01 7.061988581486365081e-03
5.300000000000002487e-01 7.724450703270464326e-03
5.400000000000002576e-01 8.433551025589279895e-03
5.500000000000002665e-01 9.191433276847182920e-03
5.600000000000002753e-01 1.000027695640024611e-02
5.700000000000002842e-01 1.086229529627844026e-02
5.800000000000002931e-01 1.177973313611170580e-02
5.900000000000003020e-01 1.275486471439822751e-02
6.000000000000003109e-01 1.378999137941311348e-02
6.100000000000003197e-01 1.488743922321023559e-02
6.200000000000003286e-01 1.604955664231902390e-02
6.300000000000003375e-01 1.727871182888097989e-02
6.400000000000003464e-01 1.857729019610748072e-02
6.500000000000003553e-01 1.994769174207046067e-02
6.600000000000003642e-01 2.139232835596081503e-02
6.700000000000003730e-01 2.291362107106519400e-02
6.800000000000003819e-01 2.451399726882029506e-02
6.900000000000003908e-01 2.619588783840422208e-02
7.000000000000003997e-01 2.796172429641697460e-02
7.100000000000004086e-01 2.981393587128621653e-02
7.200000000000004174e-01 3.175494655710996844e-02
7.300000000000004263e-01 3.378717214171463729e-02
7.400000000000004352e-01 3.591301721376450456e-02
7.500000000000004441e-01 3.813487215380741147e-02
7.600000000000004530e-01 4.045511011418060493e-02
7.700000000000004619e-01 4.287608399273053206e-02
7.800000000000004707e-01 4.540012340532063179e-02
7.900000000000004796e-01 4.802953166211171299e-02
8.000000000000004885e-01 5.076658275260041014e-02
8.100000000000004974e-01 5.361351834439226360e-02
8.200000000000005063e-01 5.657254480066737506e-02
8.300000000000005151e-01 5.964583022126795225e-02
8.400000000000005240e-01 6.283550151229899683e-02
8.500000000000005329e-01 6.614364148908544183e-02
8.600000000000005418e-01 6.957228601727138972e-02
8.700000000000005507e-01 7.312342119678023888e-02
8.800000000000005596e-01 7.679898059327798510e-02
8.900000000000005684e-01 8.060084252169621988e-02
9.000000000000005773e-01 8.453082738627683279e-02
9.100000000000005862e-01 8.859069508149680638e-02
9.200000000000005951e-01 9.278214245811917948e-02
9.300000000000006040e-01 9.710680085849592025e-02
9.400000000000006128e-01 1.015662337251196368e-01
9.500000000000006217e-01 1.061619342862845788e-01
9.600000000000006306e-01 1.108953233225736384e-01
9.700000000000006395e-01 1.157677470177364970e-01
9.800000000000006484e-01 1.207804748973665965e-01
9.900000000000006573e-01 1.259346978586197985e-01
1.000000000000000666e+00 1.312315262940475236e-01
1.010000000000000675e+00 1.366719883124405677e-01
1.020000000000000684e+00 1.422570280593990488e-01
1.030000000000000693e+00 1.479875041401571556e-01
1.040000000000000702e+00 1.538641881470013961e-01
1.050000000000000711e+00 1.598877632934261050e-01
1.060000000000000719e+00 1.660588231569724849e-01
1.070000000000000728e+00 1.723778705324963412e-01
1.080000000000000737e+00 1.788453163974063898e-01
1.090000000000000746e+00 1.854614789902094274e-01
1.100000000000000755e+00 1.922265830034921297e-01
1.110000000000000764e+00 1.991407588922605720e-01
1.120000000000000773e+00 2.062040422983507093e-01
1.130000000000000782e+00 2.134163735914138826e-01
1.140000000000000790e+00 2.207775975267732005e-01
1.150000000000000799e+00 2.282874630202396948e-01
1.160000000000000808e+00 2.359456230397704302e-01
1.170000000000000817e+00 2.437516346136471834e-01
1.180000000000000826e+00 2.517049589546518362e-01
1.190000000000000835e+00 2.598049616995157240e-01
1.200000000000000844e+00 2.680509132627240665e-01
1.210000000000000853e+00 2.764419893035638398e-01
1.220000000000000862e+00 2.849772713051155204e-01
1.230000000000000870e+00 2.936557472637044697e-01
1.240000000000000879e+00 3.024763124871484021e-01
1.250000000000000888e+00 3.114377704999640728e-01
1.260000000000000897e+00 3.205388340535262337e-01
1.270000000000000906e+00 3.297781262390101498e-01
1.280000000000000915e+00 3.391541817007917015e-01
1.290000000000000924e+00 3.486654479478287216e-01
1.300000000000000933e+00 3.583102867604036623e-01
1.310000000000000941e+00 3.680869756894708522e-01
1.320000000000000950e+00 3.779937096457222645e-01
1.330000000000000959e+00 3.880286025753629797e-01
1.340000000000000968e+00 3.981896892194730087e-01
1.350000000000000977e+00 4.084749269537257810e-01
1.360000000000000986e+00 4.188821977051330192e-01
1.370000000000000995e+00 4.294093099423960114e-01
1.380000000000001004e+00 4.400540007363590300e-01
1.390000000000001013e+00 4.508139378869862601e-01
1.400000000000001021e+00 4.616867221132155974e-01
1.410000000000001030e+00 4.726698893019858350e-01
1.420000000000001039e+00 4.837609128126806324e-01
1.430000000000001048e+00 4.949572058331926927e-01
1.440000000000001057e+00 5.062561237837752692e-01
1.450000000000001066e+00 5.176549667648232544e-01
1.460000000000001075e+00 5.291509820447066748e-01
1.470000000000001084e+00 5.407413665837703665e-01
1.480000000000001092e+00 5.524232695906088342e-01
1.490000000000001101e+00 5.641937951067329537e-01
1.500000000000001110e+00 5.760500046157546183e-01
1.510000000000001119e+00 5.879889196732372980e-01
1.520000000000001128e+00 6.000075245533866841e-01
1.530000000000001137e+00 6.121027689087880086e-01
1.540000000000001146e+00 6.242715704394393716e-01
1.550000000000001155e+00 6.365108175673741542e-01
1.560000000000001164e+00 6.488173721132221017e-01
1.570000000000001172e+00 6.611880719711140664e-01
1.580000000000001181e+00 6.736197337784031181e-01
1.590000000000001190e+00 6.861091555767427907e-01
1.600000000000001199e+00 6.986531194611391715e-01
1.610000000000001208e+00 7.112483942136751391e-01
1.620000000000001217e+00 7.238917379186866619e-01
1.630000000000001226e+00 7.365799005562632118e-01
1.640000000000001235e+00 7.493096265710361692e-01
1.650000000000001243e+00 7.620776574133154568e-01
1.660000000000001252e+00 7.748807340497354534e-01
1.670000000000001261e+00 7.877155994406751516e-01
1.680000000000001270e+00 8.005790009818218866e-01
1.690000000000001279e+00 8.134676929073578755e-01
1.700000000000001288e+00 8.263784386523601588e-01
1.710000000000001297e+00 8.393080131721155634e-01
1.720000000000001306e+00 8.522532052161680971e-01
1.730000000000001315e+00 8.652108195550307634e-01
1.740000000000001323e+00 8.781776791576125785e-01
1.750000000000001332e+00 8.911506273175253678e-01
1.760000000000001341e+00 9.041265297265578260e-01
1.770000000000001350e+00 9.171022764937174498e-01
1.780000000000001359e+00 9.300747841083633061e-01
1.790000000000001368e+00 9.430409973460681661e-01
1.800000000000001377e+00 9.559978911159666692e-01
1.810000000000001386e+00 9.689424722484630825e-01
1.820000000000001394e+00 9.818717812222869101e-01
1.830000000000001403e+00 9.947828938300006252e-01
1.840000000000001412e+00 1.007672922781175373e+00
1.850000000000001421e+00 1.020539019242562739e+00
1.860000000000001430e+00 1.033378374314701365e+00
1.870000000000001439e+00 1.046188220444501438e+00
1.880000000000001448e+00 1.058965832773460569e+00
1.890000000000001457e+00 1.071708530421264127e+00
1.900000000000001465e+00 1.084413677704625822e+00
1.910000000000001474e+00 1.097078685291322131e+00
1.920000000000001483e+00 1.109701011289469408e+00
1.930000000000001492e+00 1.122278162272187796e+00
1.940000000000001501e+00 1.134807694237881526e+00
1.950000000000001510e+00 1.147287213506457570e+00
1.960000000000001519e+00 1.159714377551883890e+00
1.970000000000001528e+00 1.172086895771572879e+00
1.980000000000001537e+00 1.184402530193151337e+00
1.990000000000001545e+00 1.196659096119252252e+00
2.000000000000001332e+00 1.208854462711036248e+00
2.010000000000001119e+00 1.220986553511218986e+00
2.020000000000000906e+00 1.233053346907440728e+00
2.030000000000000693e+00 1.245052876536881126e+00
2.040000000000000480e+00 1.256983231633076681e+00
2.050000000000000266e+00 1.268842557315952080e+00
2.060000000000000053e+00 1.280629054826129876e+00
2.069999999999999840e+00 1.292340981704628522e+00
2.079999999999999627e+00 1.303976651919104057e+00
2.089999999999999414e+00 1.315534435937831592e+00
2.099999999999999201e+00 1.327012760752658727e+00
2.109999999999998987e+00 1.338410109852201435e+00
2.119999999999998774e+00 1.349725023146579161e+00
2.129999999999998561e+00 1.360956096845018060e+00
2.139999999999998348e+00 1.372101983287673521e+00
2.149999999999998135e+00 1.383161390733048668e+00
2.159999999999997922e+00 1.394133083102399251e+00
2.169999999999997708e+00 1.405015879682537827e+00
2.179999999999997495e+00 1.415808654788458965e+00
2.189999999999997282e+00 1.426510337387218996e+00
2.199999999999997069e+00 1.437119910684514501e+00
2.209999999999996856e+00 1.447636411675405022e+00
2.219999999999996643e+00 1.458058930660631303e+00
2.229999999999996430e+00 1.468386610729982333e+00
2.239999999999996216e+00 1.478618647214157367e+00
2.249999999999996003e+00 1.488754287106572427e+00
2.259999999999995790e+00 1.498792828456549264e+00
2.269999999999995577e+00 1.508733619735318721e+00
2.279999999999995364e+00 1.518576059176262261e+00
2.289999999999995151e+00 1.528319594090799871e+00
2.299999999999994937e+00 1.537963720161322545e+00
2.309999999999994724e+00 1.547507980712550912e+00
2.319999999999994511e+00 1.556951965962683815e+00
2.329999999999994298e+00 1.566295312255685301e+00
2.339999999999994085e+00 1.575537701276035873e+00
2.349999999999993872e+00 1.584678859247254046e+00
2.359999999999993658e+00 1.593718556115473417e+00
2.369999999999993445e+00 1.602656604719334243e+00
2.379999999999993232e+00 1.611492859947428968e+00
2.389999999999993019e+00 1.620227217884509630e+00
2.399999999999992806e+00 1.628859614947645085e+00
2.409999999999992593e+00 1.637390027013484683e+00
2.419999999999992379e+00 1.645818468537760371e+00
2.429999999999992166e+00 1.654144991668128561e+00
2.439999999999991953e+00 1.662369685351426707e+00
2.449999999999991740e+00 1.670492674436387048e+00
2.459999999999991527e+00 1.678514118772824970e+00
2.469999999999991314e+00 1.686434212308283387e+00
2.479999999999991100e+00 1.694253182183090178e+00
2.489999999999990887e+00 1.701971287824750378e+00
2.499999999999990674e+00 1.709588820042567070e+00
2.509999999999990461e+00 1.717106100123352519e+00
2.519999999999990248e+00 1.724523478929060660e+00
2.529999999999990035e+00 1.731841335997142073e+00
2.539999999999989821e+00 1.739060078644388829e+00
2.549999999999989608e+00 1.746180141075010406e+00
2.559999999999989395e+00 1.753201983493646532e+00
2.569999999999989182e+00 1.760126091223995770e+00
2.579999999999988969e+00 1.766952973833707308e+00
2.589999999999988756e+00 1.773683164266152357e+00
2.599999999999988542e+00 1.780317217979665356e+00
2.609999999999988329e+00 1.786855712094811421e+00
2.619999999999988116e+00 1.793299244550210725e+00
2.629999999999987903e+00 1.799648433267422520e+00
2.639999999999987690e+00 1.805903915325360654e+00
2.649999999999987477e+00 1.812066346144686646e+00
2.659999999999987264e+00 1.818136398682599797e+00
2.669999999999987050e+00 1.824114762638415987e+00
2.679999999999986837e+00 1.830002143670302006e+00
2.689999999999986624e+00 1.835799262623505346e+00
2.699999999999986411e+00 1.841506854770394774e+00
2.709999999999986198e+00 1.847125669062605446e+00
2.719999999999985985e+00 1.852656467395553674e+00
2.729999999999985771e+00 1.858100023885566054e+00
2.739999999999985558e+00 1.863457124159846767e+00
2.749999999999985345e+00 1.868728564659481339e+00
2.759999999999985132e+00 1.873915151955654945e+00
2.769999999999984919e+00 1.879017702079245566e+00
2.779999999999984706e+00 1.884037039863927010e+00
2.789999999999984492e+00 1.888973998302902579e+00
2.799999999999984279e+00 1.893829417919367319e+00
2.809999999999984066e+00 1.898604146150781213e+00
2.819999999999983853e+00 1.903299036747016615e+00
2.829999999999983640e+00 1.907914949182427877e+00
2.839999999999983427e+00 1.912452748081873155e+00
2.849999999999983213e+00 1.916913302660703033e+00
2.859999999999983000e+00 1.921297486178717762e+00
2.869999999999982787e+00 1.925606175408076215e+00
2.879999999999982574e+00 1.929840250115131717e+00
2.889999999999982361e+00 1.934000592556149645e+00
2.899999999999982148e+00 1.938088086986855751e+00
2.909999999999981934e+00 1.942103619185748586e+00
2.919999999999981721e+00 1.946048075991096749e+00
2.929999999999981508e+00 1.949922344851535705e+00
2.939999999999981295e+00 1.953727313390162701e+00
2.949999999999981082e+00 1.957463868982022737e+00
2.959999999999980869e+00 1.961132898344867925e+00
2.969999999999980655e+00 1.964735287143063891e+00
2.979999999999980442e+00 1.968271919604506426e+00
2.989999999999980229e+00 1.971743678150410295e+00
2.999999999999980016e+00 1.975151443037816312e+00
3.009999999999979803e+00 1.978496092014662588e+00
3.019999999999979590e+00 1.981778499987257192e+00
3.029999999999979376e+00 1.984999538699983024e+00
3.039999999999979163e+00 1.988160076427061940e+00
3.049999999999978950e+00 1.991260977676198474e+00
3.059999999999978737e+00 1.994303102903920211e+00
3.069999999999978524e+00 1.997287308242426951e+00
3.079999999999978311e+00 2.000214445237757932e+00
3.089999999999978098e+00 2.003085360599081710e+00
3.099999999999977884e+00 2.005900895958911967e+00
3.109999999999977671e+00 2.008661887644047184e+00
3.119999999999977458e+00 2.011369166457033231e+00
3.129999999999977245e+00 2.014023557467943260e+00
3.139999999999977032e+00 2.016625879816267286e+00
3.149999999999976819e+00 2.019176946522706739e+00
3.159999999999976605e+00 2.021677564310661701e+00
3.169999999999976392e+00 2.024128533437203004e+00
3.179999999999976179e+00 2.026530647533317797e+00
3.189999999999975966e+00 2.028884693453218979e+00
3.199999999999975753e+00 2.031191451132505765e+00
3.209999999999975540e+00 2.033451693454967568e+00
3.219999999999975326e+00 2.035666186127819355e+00
3.229999999999975113e+00 2.037835687565157539e+00
3.239999999999974900e+00 2.039960948779431682e+00
3.249999999999974687e+00 2.042042713280719290e+00
3.259999999999974474e+00 2.044081716983599861e+00
3.269999999999974261e+00 2.046078688121424349e+00
3.279999999999974047e+00 2.048034347167770886e+00
3.289999999999973834e+00 2.049949406764890902e+00
3.299999999999973621e+00 2.051824571658940055e+00
3.309999999999973408e+00 2.053660538641799427e+00
3.319999999999973195e+00 2.055457996499287621e+00
3.329999999999972982e+00 2.057217625965571450e+00
3.339999999999972768e+00 2.058940099683582048e+00
3.349999999999972555e+00 2.060626082171247209e+00
3.359999999999972342e+00 2.062276229793353011e+00
3.369999999999972129e+00 2.063891190738850412e+00
3.379999999999971916e+00 2.065471605003422972e+00
3.389999999999971703e+00 2.067018104377140286e+00
3.399999999999971489e+00 2.068531312437014602e+00
3.409999999999971276e+00 2.070011844544295432e+00
3.419999999999971063e+00 2.071460307846321847e+00
3.429999999999970850e+00 2.072877301282771700e+00
3.439999999999970637e+00 2.074263415596141691e+00
3.449999999999970424e+00 2.075619233346292614e+00
3.459999999999970210e+00 2.076945328928904821e+00
3.469999999999969997e+00 2.078242268597688458e+00
3.479999999999969784e+00 2.079510610490191258e+00
3.489999999999969571e+00 2.080750904657060918e+00
3.499999999999969358e+00 2.081963693094609713e+00
3.509999999999969145e+00 2.083149509780540587e+00
3.519999999999968932e+00 2.084308880712696599e+00
3.529999999999968718e+00 2.085442323950692511e+00
3.539999999999968505e+00 2.086550349660297066e+00
3.549999999999968292e+00 2.087633460160434939e+00
3.559999999999968079e+00 2.088692149972680934e+00
3.569999999999967866e+00 2.089726905873121154e+00
3.579999999999967653e+00 2.090738206946460398e+00
3.589999999999967439e+00 2.091726524642255391e+00
3.599999999999967226e+00 2.092692322833161978e+00
3.609999999999967013e+00 2.093636057875081669e+00
3.619999999999966800e+00 2.094558178669096549e+00
3.629999999999966587e+00 2.095459126725091270e+00
3.639999999999966374e+00 2.096339336226953787e+00
3.649999999999966160e+00 2.097199234099256238e+00
3.659999999999965947e+00 2.098039240075318723e+00
3.669999999999965734e+00 2.098859766766560497e+00
3.679999999999965521e+00 2.099661219733047535e+00
3.689999999999965308e+00 2.100443997555145437e+00
3.699999999999965095e+00 2.101208491906193743e+00
3.709999999999964881e+00 2.101955087626114604e+00
3.719999999999964668e+00 2.102684162795879441e+00
3.729999999999964455e+00 2.103396088812749642e+00
3.739999999999964242e+00 2.104091230466218931e+00
3.749999999999964029e+00 2.104769946014583226e+00
3.759999999999963816e+00 2.105432587262066946e+00
3.769999999999963602e+00 2.106079499636437369e+00
3.779999999999963389e+00 2.106711022267039990e+00
3.789999999999963176e+00 2.107327488063192256e+00
3.799999999999962963e+00 2.107929223792874840e+00
3.809999999999962750e+00 2.108516550161659175e+00
3.819999999999962537e+00 2.109089781891816173e+00
3.829999999999962323e+00 2.109649227801550175e+00
3.839999999999962110e+00 2.110195190884306626e+00
3.849999999999961897e+00 2.110727968388101505e+00
3.859999999999961684e+00 2.111247851894824556e+00
3.869999999999961471e+00 2.111755127399470133e+00
3.879999999999961258e+00 2.112250075389251247e+00
3.889999999999961044e+00 2.112732970922551079e+00
3.899999999999960831e+00 2.113204083707676872e+00
3.909999999999960618e+00 2.113663678181370464e+00
3.919999999999960405e+00 2.114112013587042593e+00
3.929999999999960192e+00 2.114549344052694124e+00
3.939999999999959979e+00 2.114975918668489552e+00
3.949999999999959766e+00 2.115391981563951695e+00
3.959999999999959552e+00 2.115797771984744724e+00
3.969999999999959339e+00 2.116193524369017975e+00
3.979999999999959126e+00 2.116579468423283927e+00
3.989999999999958913e+00 2.116955829197800565e+00
3.999999999999958700e+00 2.117322827161435495e+00
4.009999999999958931e+00 2.117680678275989603e+00
4.019999999999958717e+00 2.118029594069953614e+00
4.029999999999958504e+00 2.118369781711682887e+00
4.039999999999958291e+00 2.118701444081965146e+00
4.049999999999958078e+00 2.119024779845965156e+00
4.059999999999957865e+00 2.119339983524529902e+00
4.069999999999957652e+00 2.119647245564836968e+00
4.079999999999957438e+00 2.119946752410371005e+00
4.089999999999957225e+00 2.120238686570214970e+00
4.099999999999957012e+00 2.120523226687643259e+00
4.109999999999956799e+00 2.120800547608004738e+00
4.119999999999956586e+00 2.121070820445882799e+00
4.129999999999956373e+00 2.121334212651527551e+00
4.139999999999956160e+00 2.121590888076544168e+00
4.149999999999955946e+00 2.121841007038835603e+00
4.159999999999955733e+00 2.122084726386787690e+00
4.169999999999955520e+00 2.122322199562691747e+00
4.179999999999955307e+00 2.122553576665400676e+00
4.189999999999955094e+00 2.122779004512208356e+00
4.199999999999954881e+00 2.122998626699954983e+00
4.209999999999954667e+00 2.123212583665348596e+00
4.219999999999954454e+00 2.123421012744502345e+00
4.229999999999954241e+00 2.123624048231686157e+00
4.239999999999954028e+00 2.123821821437288371e+00
4.249999999999953815e+00 2.124014460744989563e+00
4.259999999999953602e+00 2.124202091668144110e+00
4.269999999999953388e+00 2.124384836905372609e+00
4.279999999999953175e+00 2.124562816395364262e+00
4.289999999999952962e+00 2.124736147370890116e+00
4.299999999999952749e+00 2.124904944412028929e+00
4.309999999999952536e+00 2.125069319498606113e+00
4.319999999999952323e+00 2.125229382061851968e+00
4.329999999999952109e+00 2.125385239035276985e+00
4.339999999999951896e+00 2.125536994904769106e+00
4.349999999999951683e+00 2.125684751757920044e+00
4.359999999999951470e+00 2.125828609332576669e+00
4.369999999999951257e+00 2.125968665064631224e+00
4.379999999999951044e+00 2.126105014135045046e+00
4.389999999999950830e+00 2.126237749516117770e+00
4.399999999999950617e+00 2.126366962017005147e+00
4.409999999999950404e+00 2.126492740328488562e+00
4.419999999999950191e+00 2.126615171067003374e+00
4.429999999999949978e+00 2.126734338817933168e+00
4.439999999999949765e+00 2.126850326178173933e+00
4.449999999999949551e+00 2.126963213797974817e+00
4.459999999999949338e+00 2.127073080422062556e+00
4.469999999999949125e+00 2.127180002930055380e+00
4.479999999999948912e+00 2.127284056376173460e+00
4.489999999999948699e+00 2.127385314028253038e+00
4.499999999999948486e+00 2.127483847406071771e+00
4.509999999999948272e+00 2.127579726318989284e+00
4.519999999999948059e+00 2.127673018902916269e+00
4.529999999999947846e+00 2.127763791656612558e+00
4.539999999999947633e+00 2.127852109477327058e+00
4.549999999999947420e+00 2.127938035695785324e+00
4.559999999999947207e+00 2.128021632110530970e+00
4.569999999999946994e+00 2.128102959021632046e+00
4.579999999999946780e+00 2.128182075263755468e+00
4.589999999999946567e+00 2.128259038238622392e+00
4.599999999999946354e+00 2.128333903946849404e+00
4.609999999999946141e+00 2.128406727019184874e+00
4.619999999999945928e+00 2.128477560747146224e+00
4.629999999999945715e+00 2.128546457113069224e+00
4.639999999999945501e+00 2.128613466819575972e+00
4.649999999999945288e+00 2.128678639318468679e+00
4.659999999999945075e+00 2.128742022839059445e+00
4.669999999999944862e+00 2.128803664415940933e+00
4.679999999999944649e+00 2.128863609916209931e+00
4.689999999999944436e+00 2.128921904066149562e+00
4.699999999999944222e+00 2.128978590477377697e+00
4.709999999999944009e+00 2.129033711672470019e+00
4.719999999999943796e+00 2.129087309110067494e+00
4.729999999999943583e+00 2.129139423209474469e+00
4.739999999999943370e+00 2.129190093374754955e+00
4.749999999999943157e+00 2.129239358018336414e+00
4.759999999999942943e+00 2.129287254584127265e+00
4.769999999999942730e+00 2.129333819570159214e+00
4.779999999999942517e+00 2.129379088550757082e+00
4.789999999999942304e+00 2.129423096198247656e+00
4.799999999999942091e+00 2.129465876304214689e+00
4.809999999999941878e+00 2.129507461800307144e+00
4.819999999999941664e+00 2.129547884778607347e+00
4.829999999999941451e+00 2.129587176511568369e+00
4.839999999999941238e+00 2.129625367471525976e+00
4.849999999999941025e+00 2.129662487349795352e+00
4.859999999999940812e+00 2.129698565075356598e+00
4.869999999999940599e+00 2.129733628833138770e+00
4.879999999999940385e+00 2.129767706081907352e+00
4.889999999999940172e+00 2.129800823571765367e+00
4.899999999999939959e+00 2.129833007361272124e+00
4.909999999999939746e+00 2.129864282834188050e+00
4.919999999999939533e+00 2.129894674715851366e+00
4.929999999999939320e+00 2.129924207089195498e+00
4.939999999999939106e+00 2.129952903410411658e+00
4.949999999999938893e+00 2.129980786524263259e+00
4.959999999999938680e+00 2.130007878679061495e+00
4.969999999999938467e+00 2.130034201541304739e+00
4.979999999999938254e+00 2.130059776209990652e+00
4.989999999999938041e+00 2.130084623230607210e+00
4.999999999999937828e+00 2.130108762608806661e+00
5.009999999999937614e+00 2.130132213823771714e+00
5.019999999999937401e+00 2.130154995841277099e+00
5.029999999999937188e+00 2.130177127126454462e+00
5.039999999999936975e+00 2.130198625656265499e+00
5.049999999999936762e+00 2.130219508931689543e+00
5.059999999999936549e+00 2.130239793989630481e+00
5.069999999999936335e+00 2.130259497414549230e+00
5.079999999999936122e+00 2.130278635349828420e+00
5.089999999999935909e+00 2.130297223508871962e+00
5.099999999999935696e+00 2.130315277185948375e+00
5.109999999999935483e+00 2.130332811266779647e+00
5.119999999999935270e+00 2.130349840238883186e+00
5.129999999999935056e+00 2.130366378201670852e+00
5.139999999999934843e+00 2.130382438876311291e+00
5.149999999999934630e+00 2.130398035615359120e+00
5.159999999999934417e+00 2.130413181412156298e+00
5.169999999999934204e+00 2.130427888910010559e+00
5.179999999999933991e+00 2.130442170411157132e+00
5.189999999999933777e+00 2.130456037885505083e+00
5.199999999999933564e+00 2.130469502979175367e+00
5.209999999999933351e+00 2.130482577022834612e+00
5.219999999999933138e+00 2.130495271039828165e+00
5.229999999999932925e+00 2.130507595754117744e+00
5.239999999999932712e+00 2.130519561598028133e+00
5.249999999999932498e+00 2.130531178719805574e+00
5.259999999999932285e+00 2.130542456990993205e+00
5.269999999999932072e+00 2.130553406013626194e+00
5.279999999999931859e+00 2.130564035127254119e+00
5.289999999999931646e+00 2.130574353415788380e+00
5.299999999999931433e+00 2.130584369714186188e+00
5.309999999999931219e+00 2.130594092614965795e+00
5.319999999999931006e+00 2.130603530474564966e+00
5.329999999999930793e+00 2.130612691419542237e+00
5.339999999999930580e+00 2.130621583352623194e+00
5.349999999999930367e+00 2.130630213958599306e+00
5.359999999999930154e+00 2.130638590710078883e+00
5.369999999999929940e+00 2.130646720873095035e+00
5.379999999999929727e+00 2.130654611512575514e+00
5.389999999999929514e+00 2.130662269497674455e+00
5.399999999999929301e+00 2.130669701506969993e+00
5.409999999999929088e+00 2.130676914033534430e+00
5.419999999999928875e+00 2.130683913389873840e+00
5.429999999999928662e+00 2.130690705712745547e+00
5.439999999999928448e+00 2.130697296967852594e+00
5.449999999999928235e+00 2.130703692954420081e+00
5.459999999999928022e+00 2.130709899309656041e+00
5.469999999999927809e+00 2.130715921513098632e+00
5.479999999999927596e+00 2.130721764890853187e+00
5.489999999999927383e+00 2.130727434619719585e+00
5.499999999999927169e+00 2.130732935731217914e+00
5.509999999999926956e+00 2.130738273115506232e+00
5.519999999999926743e+00 2.130743451525203280e+00
5.529999999999926530e+00 2.130748475579108625e+00
5.539999999999926317e+00 2.130753349765829530e+00
5.549999999999926104e+00 2.130758078447313686e+00
5.559999999999925890e+00 2.130762665862290461e+00
5.569999999999925677e+00 2.130767116129624661e+00
5.579999999999925464e+00 2.130771433251581026e+00
5.589999999999925251e+00 2.130775621117005691e+00
5.599999999999925038e+00 2.130779683504425037e+00
5.609999999999924825e+00 2.130783624085062389e+00
5.619999999999924611e+00 2.130787446425778331e+00
5.629999999999924398e+00 2.130791153991931086e+00
5.639999999999924185e+00 2.130794750150164951e+00
5.649999999999923972e+00 2.130798238171124126e+00
5.659999999999923759e+00 2.130801621232096377e+00
5.669999999999923546e+00 2.130804902419584312e+00
5.679999999999923332e+00 2.130808084731813157e+00
5.689999999999923119e+00 2.130811171081169242e+00
5.699999999999922906e+00 2.130814164296574997e+00
5.709999999999922693e+00 2.130817067125800435e+00
5.719999999999922480e+00 2.130819882237715568e+00
5.729999999999922267e+00 2.130822612224478885e+00
5.739999999999922053e+00 2.130825259603672972e+00
5.749999999999921840e+00 2.130827826820377968e+00
5.759999999999921627e+00 2.130830316249193057e+00
5.769999999999921414e+00 2.130832730196203340e+00
5.779999999999921201e+00 2.130835070900892969e+00
5.789999999999920988e+00 2.130837340538008107e+00
5.799999999999920774e+00 2.130839541219369249e+00
5.809999999999920561e+00 2.130841674995635593e+00
5.819999999999920348e+00 2.130843743858020556e+00
5.829999999999920135e+00 2.130845749739962880e+00
5.839999999999919922e+00 2.130847694518750668e+00
5.849999999999919709e+00 2.130849580017103229e+00
5.859999999999919496e+00 2.130851408004708514e+00
5.869999999999919282e+00 2.130853180199720587e+00
5.879999999999919069e+00 2.130854898270214903e+00
5.889999999999918856e+00 2.130856563835604511e+00
5.899999999999918643e+00 2.130858178468018060e+00
5.909999999999918430e+00 2.130859743693640063e+00
5.919999999999918217e+00 2.130861260994014295e+00
5.929999999999918003e+00 2.130862731807312116e+00
5.939999999999917790e+00 2.130864157529565706e+00
5.949999999999917577e+00 2.130865539515866214e+00
5.959999999999917364e+00 2.130866879081532161e+00
5.969999999999917151e+00 2.130868177503242755e+00
5.979999999999916938e+00 2.130869436020141450e+00
5.989999999999916724e+00 2.130870655834908423e+00
5.999999999999916511e+00 2.130871838114804184e+00
6.009999999999916298e+00 2.130872983992684322e+00
6.019999999999916085e+00 2.130874094567985377e+00
6.029999999999915872e+00 2.130875170907683636e+00
6.039999999999915659e+00 2.130876214047227712e+00
6.049999999999915445e+00 2.130877224991445829e+00
6.059999999999915232e+00 2.130878204715425994e+00
6.069999999999915019e+00 2.130879154165373990e+00
6.079999999999914806e+00 2.130880074259445589e+00
6.089999999999914593e+00 2.130880965888556133e+00
6.099999999999914380e+00 2.130881829917168346e+00
6.109999999999914166e+00 2.130882667184056611e+00
6.119999999999913953e+00 2.130883478503050821e+00
6.129999999999913740e+00 2.130884264663760241e+00
6.139999999999913527e+00 2.130885026432274287e+00
6.149999999999913314e+00 2.130885764551846417e+00
6.159999999999913101e+00 2.130886479743557604e+00
6.169999999999912887e+00 2.130887172706960708e+00
6.179999999999912674e+00 2.130887844120708419e+00
6.189999999999912461e+00 2.130888494643160325e+00
6.199999999999912248e+00 2.130889124912976218e+00
6.209999999999912035e+00 2.130889735549691189e+00
6.219999999999911822e+00 2.130890327154273400e+00
6.229999999999911608e+00 2.130890900309668101e+00
6.239999999999911395e+00 2.130891455581324312e+00
6.249999999999911182e+00 2.130891993517707750e+00
6.259999999999910969e+00 2.130892514650799097e+00
6.269999999999910756e+00 2.130893019496576724e+00
6.279999999999910543e+00 2.130893508555488314e+00
6.289999999999910330e+00 2.130893982312906054e+00
6.299999999999910116e+00 2.130894441239570725e+00
6.309999999999909903e+00 2.130894885792022464e+00
6.319999999999909690e+00 2.130895316413019547e+00
6.329999999999909477e+00 2.130895733531944725e+00
6.339999999999909264e+00 2.130896137565199577e+00
6.349999999999909051e+00 2.130896528916589538e+00
6.359999999999908837e+00 2.130896907977694710e+00
6.369999999999908624e+00 2.130897275128232682e+00
6.379999999999908411e+00 2.130897630736409365e+00
6.389999999999908198e+00 2.130897975159260938e+00
6.399999999999907985e+00 2.130898308742984693e+00
6.409999999999907772e+00 2.130898631823261002e+00
6.419999999999907558e+00 2.130898944725565958e+00
6.429999999999907345e+00 2.130899247765474680e+00
6.439999999999907132e+00 2.130899541248955753e+00
6.449999999999906919e+00 2.130899825472658105e+00
6.459999999999906706e+00 2.130900100724188562e+00
6.469999999999906493e+00 2.130900367282380969e+00
6.479999999999906279e+00 2.130900625417559535e+00
6.489999999999906066e+00 2.130900875391791516e+00
6.499999999999905853e+00 2.130901117459135019e+00
6.509999999999905640e+00 2.130901351865878812e+00
6.519999999999905427e+00 2.130901578850774580e+00
6.529999999999905214e+00 2.130901798645262968e+00
6.539999999999905000e+00 2.130902011473693403e+00
6.549999999999904787e+00 2.130902217553535927e+00
6.559999999999904574e+00 2.130902417095588142e+00
6.569999999999904361e+00 2.130902610304177269e+00
6.579999999999904148e+00 2.130902797377352442e+00
6.589999999999903935e+00 2.130902978507075662e+00
6.599999999999903721e+00 2.130903153879404321e+00
6.609999999999903508e+00 2.130903323674668837e+00
6.619999999999903295e+00 2.130903488067646734e+00
6.629999999999903082e+00 2.130903647227729625e+00
6.639999999999902869e+00 2.130903801319085300e+00
6.649999999999902656e+00 2.130903950500816268e+00
6.659999999999902442e+00 2.130904094927113857e+00
6.669999999999902229e+00 2.130904234747405646e+00
6.679999999999902016e+00 2.130904370106500689e+00
6.689999999999901803e+00 2.130904501144728957e+00
6.699999999999901590e+00 2.130904627998077228e+00
6.709999999999901377e+00 2.130904750798321867e+00
6.719999999999901164e+00 2.130904869673156288e+00
6.729999999999900950e+00 2.130904984746314401e+00
6.739999999999900737e+00 2.130905096137691856e+00
6.749999999999900524e+00 2.130905203963463279e+00
6.759999999999900311e+00 2.130905308336194626e+00
6.769999999999900098e+00 2.130905409364954206e+00
6.779999999999899885e+00 2.130905507155418377e+00
6.789999999999899671e+00 2.130905601809976346e+00
6.799999999999899458e+00 2.130905693427829650e+00
6.809999999999899245e+00 2.130905782105090296e+00
6.819999999999899032e+00 2.130905867934874021e+00
6.829999999999898819e+00 2.130905951007393995e+00
6.839999999999898606e+00 2.130906031410047863e+00
6.849999999999898392e+00 2.130906109227505230e+00
6.859999999999898179e+00 2.130906184541790704e+00
6.869999999999897966e+00 2.130906257432365614e+00
6.879999999999897753e+00 2.130906327976206160e+00
6.889999999999897540e+00 2.130906396247880252e+00
6.899999999999897327e+00 2.130906462319621664e+00
6.909999999999897113e+00 2.130906526261401535e+00
6.919999999999896900e+00 2.130906588140997648e+00
6.929999999999896687e+00 2.130906648024063266e+00
6.939999999999896474e+00 2.130906705974191073e+00
6.949999999999896261e+00 2.130906762052978021e+00
6.959999999999896048e+00 2.130906816320086161e+00
6.969999999999895834e+00 2.130906868833302603e+00
6.979999999999895621e+00 2.130906919648598130e+00
6.989999999999895408e+00 2.130906968820182268e+00
6.999999999999895195e+00 2.130907016400558351e+00
7.009999999999894982e+00 2.130907062440576372e+00
7.019999999999894769e+00 2.130907106989484046e+00
7.029999999999894555e+00 2.130907150094976998e+00
7.039999999999894342e+00 2.130907191803246281e+00
7.049999999999894129e+00 2.130907232159025000e+00
7.059999999999893916e+00 2.130907271205634057e+00
7.069999999999893703e+00 2.130907308985025672e+00
7.079999999999893490e+00 2.130907345537826458e+00
7.089999999999893276e+00 2.130907380903378279e+00
7.099999999999893063e+00 2.130907415119777770e+00
7.109999999999892850e+00 2.130907448223916312e+00
7.119999999999892637e+00 2.130907480251516883e+00
7.129999999999892424e+00 2.130907511237170038e+00
7.139999999999892211e+00 2.130907541214369871e+00
7.149999999999891998e+00 2.130907570215548663e+00
7.159999999999891784e+00 2.130907598272108849e+00
7.169999999999891571e+00 2.130907625414455886e+00
7.179999999999891358e+00 2.130907651672029779e+00
7.189999999999891145e+00 2.130907677073334394e+00
7.199999999999890932e+00 2.130907701645968100e+00
7.209999999999890719e+00 2.130907725416650411e+00
7.219999999999890505e+00 2.130907748411251301e+00
7.229999999999890292e+00 2.130907770654816069e+00
7.239999999999890079e+00 2.130907792171592874e+00
7.249999999999889866e+00 2.130907812985056271e+00
7.259999999999889653e+00 2.130907833117932970e+00
7.269999999999889440e+00 2.130907852592224483e+00
7.279999999999889226e+00 2.130907871429229772e+00
7.289999999999889013e+00 2.130907889649567455e+00
7.299999999999888800e+00 2.130907907273198010e+00
7.309999999999888587e+00 2.130907924319443314e+00
7.319999999999888374e+00 2.130907940807007961e+00
7.329999999999888161e+00 2.130907956753997912e+00
7.339999999999887947e+00 2.130907972177939147e+00
7.349999999999887734e+00 2.130907987095796763e+00
7.359999999999887521e+00 2.130908001523992290e+00
7.369999999999887308e+00 2.130908015478421014e+00
7.379999999999887095e+00 2.130908028974468404e+00
7.389999999999886882e+00 2.130908042027026106e+00
7.399999999999886668e+00 2.130908054650507921e+00
7.409999999999886455e+00 2.130908066858865357e+00
7.419999999999886242e+00 2.130908078665600947e+00
7.429999999999886029e+00 2.130908090083783346e+00
7.439999999999885816e+00 2.130908101126061549e+00
7.449999999999885603e+00 2.130908111804677318e+00
7.459999999999885389e+00 2.130908122131478066e+00
7.469999999999885176e+00 2.130908132117930620e+00
7.479999999999884963e+00 2.130908141775131437e+00
7.489999999999884750e+00 2.130908151113820370e+00
7.499999999999884537e+00 2.130908160144390440e+00
7.509999999999884324e+00 2.130908168876899378e+00
7.519999999999884110e+00 2.130908177321080732e+00
7.529999999999883897e+00 2.130908185486353634e+00
7.539999999999883684e+00 2.130908193381833016e+00
7.549999999999883471e+00 2.130908201016338932e+00
7.559999999999883258e+00 2.130908208398407222e+00
7.569999999999883045e+00 2.130908215536297501e+00
7.579999999999882832e+00 2.130908222438001598e+00
7.589999999999882618e+00 2.130908229111252883e+00
7.599999999999882405e+00 2.130908235563534703e+00
7.609999999999882192e+00 2.130908241802087932e+00
7.619999999999881979e+00 2.130908247833918523e+00
7.629999999999881766e+00 2.130908253665805052e+00
7.639999999999881553e+00 2.130908259304307162e+00
7.649999999999881339e+00 2.130908264755770887e+00
7.659999999999881126e+00 2.130908270026336648e+00
7.669999999999880913e+00 2.130908275121945472e+00
7.679999999999880700e+00 2.130908280048345205e+00
7.689999999999880487e+00 2.130908284811096731e+00
7.699999999999880274e+00 2.130908289415580636e+00
7.709999999999880060e+00 2.130908293867002090e+00
7.719999999999879847e+00 2.130908298170397064e+00
7.729999999999879634e+00 2.130908302330637660e+00
7.739999999999879421e+00 2.130908306352437442e+00
7.749999999999879208e+00 2.130908310240355874e+00
7.759999999999878995e+00 2.130908313998804537e+00
7.769999999999878781e+00 2.130908317632050686e+00
7.779999999999878568e+00 2.130908321144222572e+00
7.789999999999878355e+00 2.130908324539313448e+00
7.799999999999878142e+00 2.130908327821186887e+00
7.809999999999877929e+00 2.130908330993579458e+00
7.819999999999877716e+00 2.130908334060106490e+00
7.829999999999877502e+00 2.130908337024264743e+00
7.839999999999877289e+00 2.130908339889436398e+00
7.849999999999877076e+00 2.130908342658893506e+00
7.859999999999876863e+00 2.130908345335800647e+00
7.869999999999876650e+00 2.130908347923219370e+00
7.879999999999876437e+00 2.130908350424110420e+00
7.889999999999876223e+00 2.130908352841338171e+00
7.899999999999876010e+00 2.130908355177672409e+00
7.909999999999875797e+00 2.130908357435792322e+00
7.919999999999875584e+00 2.130908359618289616e+00
7.929999999999875371e+00 2.130908361727671174e+00
7.939999999999875158e+00 2.130908363766360836e+00
7.949999999999874944e+00 2.130908365736702947e+00
7.959999999999874731e+00 2.130908367640965473e+00
7.969999999999874518e+00 2.130908369481341769e+00
7.979999999999874305e+00 2.130908371259952361e+00
7.989999999999874092e+00 2.130908372978848941e+00
7.999999999999873879e+00 2.130908374640015257e+00
8.009999999999873666e+00 2.130908376245369773e+00
8.019999999999873452e+00 2.130908377796767894e+00
8.029999999999873239e+00 2.130908379296004185e+00
8.039999999999873026e+00 2.130908380744813702e+00
8.049999999999872813e+00 2.130908382144874658e+00
8.059999999999872600e+00 2.130908383497809755e+00
8.069999999999872387e+00 2.130908384805187961e+00
8.079999999999872173e+00 2.130908386068527172e+00
8.089999999999871960e+00 2.130908387289294215e+00
8.099999999999871747e+00 2.130908388468908843e+00
8.109999999999871534e+00 2.130908389608742404e+00
8.119999999999871321e+00 2.130908390710122280e+00
8.129999999999871108e+00 2.130908391774331001e+00
8.139999999999870894e+00 2.130908392802609352e+00
8.149999999999870681e+00 2.130908393796156819e+00
8.159999999999870468e+00 2.130908394756133362e+00
8.169999999999870255e+00 2.130908395683660306e+00
8.179999999999870042e+00 2.130908396579821673e+00
8.189999999999869829e+00 2.130908397445666402e+00
8.199999999999869615e+00 2.130908398282207905e+00
8.209999999999869402e+00 2.130908399090426286e+00
8.219999999999869189e+00 2.130908399871269676e+00
8.229999999999868976e+00 2.130908400625653787e+00
8.239999999999868763e+00 2.130908401354464576e+00
8.249999999999868550e+00 2.130908402058558249e+00
8.259999999999868336e+00 2.130908402738763030e+00
8.269999999999868123e+00 2.130908403395879613e+00
8.279999999999867910e+00 2.130908404030681602e+00
8.289999999999867697e+00 2.130908404643917287e+00
8.299999999999867484e+00 2.130908405236310088e+00
8.309999999999867271e+00 2.130908405808559447e+00
8.319999999999867057e+00 2.130908406361340823e+00
8.329999999999866844e+00 2.130908406895308360e+00
8.339999999999866631e+00 2.130908407411093552e+00
8.349999999999866418e+00 2.130908407909307467e+00
8.359999999999866205e+00 2.130908408390540298e+00
8.369999999999865992e+00 2.130908408855362701e+00
8.379999999999865778e+00 2.130908409304326678e+00
8.389999999999865565e+00 2.130908409737965137e+00
8.399999999999865352e+00 2.130908410156794108e+00
8.409999999999865139e+00 2.130908410561311861e+00
8.419999999999864926e+00 2.130908410951999787e+00
8.429999999999864713e+00 2.130908411329324181e+00
8.439999999999864500e+00 2.130908411693734461e+00
8.449999999999864286e+00 2.130908412045666278e+00
8.459999999999864073e+00 2.130908412385539741e+00
8.469999999999863860e+00 2.130908412713761635e+00
8.479999999999863647e+00 2.130908413030724979e+00
8.489999999999863434e+00 2.130908413336809026e+00
8.499999999999863221e+00 2.130908413632381038e+00
8.509999999999863007e+00 2.130908413917796285e+00
8.519999999999862794e+00 2.130908414193397160e+00
8.529999999999862581e+00 2.130908414459514955e+00
8.539999999999862368e+00 2.130908414716470300e+00
8.549999999999862155e+00 2.130908414964572728e+00
8.559999999999861942e+00 2.130908415204121553e+00
8.569999999999861728e+00 2.130908415435405878e+00
8.579999999999861515e+00 2.130908415658705479e+00
8.589999999999861302e+00 2.130908415874289918e+00
8.599999999999861089e+00 2.130908416082420764e+00
8.609999999999860876e+00 2.130908416283349816e+00
8.619999999999860663e+00 2.130908416477321321e+00
8.629999999999860449e+00 2.130908416664570648e+00
8.639999999999860236e+00 2.130908416845325615e+00
8.649999999999860023e+00 2.130908417019806489e+00
8.659999999999859810e+00 2.130908417188225545e+00
8.669999999999859597e+00 2.130908417350788842e+00
8.679999999999859384e+00 2.130908417507694441e+00
8.689999999999859170e+00 2.130908417659134635e+00
8.699999999999858957e+00 2.130908417805294608e+00
8.709999999999858744e+00 2.130908417946353772e+00
8.719999999999858531e+00 2.130908418082485323e+00
8.729999999999858318e+00 2.130908418213856681e+00
8.739999999999858105e+00 2.130908418340629495e+00
8.749999999999857891e+00 2.130908418462960086e+00
8.759999999999857678e+00 2.130908418580999442e+00
8.769999999999857465e+00 2.130908418694893225e+00
8.779999999999857252e+00 2.130908418804782656e+00
8.789999999999857039e+00 2.130908418910804070e+00
8.799999999999856826e+00 2.130908419013088917e+00
8.809999999999856612e+00 2.130908419111764651e+00
8.819999999999856399e+00 2.130908419206954285e+00
8.829999999999856186e+00 2.130908419298776391e+00
8.839999999999855973e+00 2.130908419387345543e+00
8.849999999999855760e+00 2.130908419472772763e+00
8.859999999999855547e+00 2.130908419555165079e+00
8.869999999999855333e+00 2.130908419634625961e+00
8.879999999999855120e+00 2.130908419711255775e+00
8.889999999999854907e+00 2.130908419785150887e+00
8.899999999999854694e+00 2.130908419856404556e+00
8.909999999999854481e+00 2.130908419925106934e+00
8.919999999999854268e+00 2.130908419991345504e+00
8.929999999999854055e+00 2.130908420055204200e+00
8.939999999999853841e+00 2.130908420116764734e+00
8.949999999999853628e+00 2.130908420176105267e+00
8.959999999999853415e+00 2.130908420233301737e+00
8.969999999999853202e+00 2.130908420288427862e+00
8.979999999999852989e+00 2.130908420341554255e+00
8.989999999999852776e+00 2.130908420392749303e+00
8.999999999999852562e+00 2.130908420442079176e+00
9.009999999999852349e+00 2.130908420489608268e+00
9.019999999999852136e+00 2.130908420535397862e+00
9.029999999999851923e+00 2.130908420579507467e+00
9.039999999999851710e+00 2.130908420621995258e+00
9.049999999999851497e+00 2.130908420662916303e+00
9.059999999999851283e+00 2.130908420702324779e+00
9.069999999999851070e+00 2.130908420740272646e+00
9.079999999999850857e+00 2.130908420776810086e+00
9.089999999999850644e+00 2.130908420811985504e+00
9.099999999999850431e+00 2.130908420845845530e+00
9.109999999999850218e+00 2.130908420878435905e+00
9.119999999999850004e+00 2.130908420909800149e+00
9.129999999999849791e+00 2.130908420939980452e+00
9.139999999999849578e+00 2.130908420969017669e+00
9.149999999999849365e+00 2.130908420996950881e+00
9.159999999999849152e+00 2.130908421023818722e+00
9.169999999999848939e+00 2.130908421049657608e+00
9.179999999999848725e+00 2.130908421074503512e+00
9.189999999999848512e+00 2.130908421098390182e+00
9.199999999999848299e+00 2.130908421121351370e+00
9.209999999999848086e+00 2.130908421143418607e+00
9.219999999999847873e+00 2.130908421164623423e+00
9.229999999999847660e+00 2.130908421184995127e+00
9.239999999999847446e+00 2.130908421204563030e+00
9.249999999999847233e+00 2.130908421223355109e+00
9.259999999999847020e+00 2.130908421241398010e+00
9.269999999999846807e+00 2.130908421258717933e+00
9.279999999999846594e+00 2.130908421275340192e+00
9.289999999999846381e+00 2.130908421291289212e+00
9.299999999999846167e+00 2.130908421306588085e+00
9.309999999999845954e+00 2.130908421321259905e+00
9.319999999999845741e+00 2.130908421335326430e+00
9.329999999999845528e+00 2.130908421348808979e+00
9.339999999999845315e+00 2.130908421361727978e+00
9.349999999999845102e+00 2.130908421374103412e+00
9.359999999999844889e+00 2.130908421385954377e+00
9.369999999999844675e+00 2.130908421397299080e+00
9.379999999999844462e+00 2.130908421408155728e+00
9.389999999999844249e+00 2.130908421418541199e+00
9.399999999999844036e+00 2.130908421428472366e+00
9.409999999999843823e+00 2.130908421437965661e+00
9.419999999999843610e+00 2.130908421447036627e+00
9.429999999999843396e+00 2.130908421455699919e+00
9.439999999999843183e+00 2.130908421463970637e+00
9.449999999999842970e+00 2.130908421471862546e+00
9.459999999999842757e+00 2.130908421479389414e+00
9.469999999999842544e+00 2.130908421486564563e+00
9.479999999999842331e+00 2.130908421493400429e+00
9.489999999999842117e+00 2.130908421499909888e+00
9.499999999999841904e+00 2.130908421506104489e+00
9.509999999999841691e+00 2.130908421511995776e+00
9.519999999999841478e+00 2.130908421517594853e+00
9.529999999999841265e+00 2.130908421522912821e+00
9.539999999999841052e+00 2.130908421527959895e+00
9.549999999999840838e+00 2.130908421532746289e+00
9.559999999999840625e+00 2.130908421537281772e+00
9.569999999999840412e+00 2.130908421541575670e+00
9.579999999999840199e+00 2.130908421545637310e+00
9.589999999999839986e+00 2.130908421549476017e+00
9.599999999999839773e+00 2.130908421553099785e+00
9.609999999999839559e+00 2.130908421556517496e+00
9.619999999999839346e+00 2.130908421559736698e+00
9.629999999999839133e+00 2.130908421562765831e+00
9.639999999999838920e+00 2.130908421565611999e+00
9.649999999999838707e+00 2.130908421568283195e+00
9.659999999999838494e+00 2.130908421570786082e+00
9.669999999999838280e+00 2.130908421573127765e+00
9.679999999999838067e+00 2.130908421575315348e+00
9.689999999999837854e+00 2.130908421577355050e+00
9.699999999999837641e+00 2.130908421579253531e+00
9.709999999999837428e+00 2.130908421581016565e+00
9.719999999999837215e+00 2.130908421582650814e+00
9.729999999999837001e+00 2.130908421584161605e+00
9.739999999999836788e+00 2.130908421585555157e+00
9.749999999999836575e+00 2.130908421586836798e+00
9.759999999999836362e+00 2.130908421588011858e+00
9.769999999999836149e+00 2.130908421589085666e+00
9.779999999999835936e+00 2.130908421590063551e+00
9.789999999999835723e+00 2.130908421590950841e+00
9.799999999999835509e+00 2.130908421591751978e+00
9.809999999999835296e+00 2.130908421592472290e+00
9.819999999999835083e+00 2.130908421593116220e+00
9.829999999999834870e+00 2.130908421593688651e+00
9.839999999999834657e+00 2.130908421594194024e+00
9.849999999999834444e+00 2.130908421594636781e+00
9.859999999999834230e+00 2.130908421595020918e+00
9.869999999999834017e+00 2.130908421595351321e+00
9.879999999999833804e+00 2.130908421595631985e+00
9.889999999999833591e+00 2.130908421595867352e+00
9.899999999999833378e+00 2.130908421596061419e+00
9.909999999999833165e+00 2.130908421596218183e+00
9.919999999999832951e+00 2.130908421596342084e+00
9.929999999999832738e+00 2.130908421596436675e+00
9.939999999999832525e+00 2.130908421596505953e+00
9.949999999999832312e+00 2.130908421596553914e+00
9.959999999999832099e+00 2.130908421596584557e+00
9.969999999999831886e+00 2.130908421596601876e+00
9.979999999999831672e+00 2.130908421596609426e+00
9.989999999999831459e+00 2.130908421596611202e+00
9.999999999999831246e+00 2.130908421596611202e+00
1.000000000000000000e+01 2.130908421596611202e+00
