1.000000000000000021e-02 0.000000000000000000e+00
2.000000000000000042e-02 6.396433482843759167e-13
2.999999999999999889e-02 7.923063629005045796e-12
4.000000000000000083e-02 4.883102361626265895e-11
5.000000000000000278e-02 2.047814913558896027e-10
6.000000000000000472e-02 6.700500633741437882e-10
7.000000000000000666e-02 1.842079531958962097e-09
8.000000000000000167e-02 4.450471566117603395e-09
8.999999999999999667e-02 9.731281290547802099e-09
9.999999999999999167e-02 1.965303174003242735e-08
1.099999999999999867e-01 3.720063167629189203e-08
1.199999999999999817e-01 6.672311793206451577e-08
1.299999999999999767e-01 1.143508531187721631e-07
1.399999999999999856e-01 1.884874921250287568e-07
1.499999999999999944e-01 3.003816873609798976e-07
1.600000000000000033e-01 4.647831342721324126e-07
1.700000000000000122e-01 7.006871664429261802e-07
1.800000000000000211e-01 1.032171694901264511e-06
1.900000000000000300e-01 1.489329850362992311e-06
2.000000000000000389e-01 2.109301231534703723e-06
2.100000000000000477e-01 2.937404188707649841e-06
2.200000000000000566e-01 4.028371081272912179e-06
2.300000000000000655e-01 5.447687942076905554e-06
2.400000000000000744e-01 7.273039462381470469e-06
2.500000000000000555e-01 9.595859680310895142e-06
2.600000000000000644e-01 1.252298821482321948e-05
2.700000000000000733e-01 1.617843133824175585e-05
2.800000000000000822e-01 2.070522662506975984e-05
2.900000000000000910e-01 2.626740935506435631e-05
3.000000000000000999e-01 3.305207828627158427e-05
3.100000000000001088e-01 4.127155785085201087e-05
3.200000000000001177e-01 5.116565326500396979e-05
3.300000000000001266e-01 6.300399448607963370e-05
3.400000000000001354e-01 7.708846439705727225e-05
3.500000000000001443e-01 9.375570605285269831e-05
3.600000000000001532e-01 1.133797032864935491e-04
3.700000000000001621e-01 1.363744284479039514e-04
3.800000000000001710e-01 1.631965505359022402e-04
3.900000000000001799e-01 1.943481964869318173e-04
4.000000000000001887e-01 2.303797579039325771e-04
4.100000000000001976e-01 2.718927350474934987e-04
4.200000000000002065e-01 3.195426094708521750e-04
4.300000000000002154e-01 3.740417362622270540e-04
4.400000000000002243e-01 4.361622464641399795e-04
4.500000000000002331e-01 5.067389498715241681e-04
4.600000000000002420e-01 5.866722280701608437e-04
4.700000000000002509e-01 6.769309072659468983e-04
4.800000000000002598e-01 7.785551001751823876e-04
4.900000000000002687e-01 8.926590059979411500e-04
5.000000000000002220e-01 1.020433657282022923e-03
5.100000000000002309e-01 1.163149602305274272e-03
5.200000000000002398e-01 1.322159511460420291e-03
5.300000000000002487e-01 1.498900696020074317e-03
5.400000000000002576e-01 1.694897527591321222e-03
5.500000000000002665e-01 1.911763746540092249e-03
5.600000000000002753e-01 2.151204647676300489e-03
5.700000000000002842e-01 2.415019131542053311e-03
5.800000000000002931e-01 2.705101609737807673e-03
5.900000000000003020e-01 3.023443752855516434e-03
6.000000000000003109e-01 3.372136069763983189e-03
6.100000000000003197e-01 3.753369307209989542e-03
6.200000000000003286e-01 4.169435658959367089e-03
6.300000000000003375e-01 4.622729774004964189e-03
6.400000000000003464e-01 5.115749553713245558e-03
6.500000000000003553e-01 5.651096728167645522e-03
6.600000000000003642e-01 6.231477202394376455e-03
6.700000000000003730e-01 6.859701163624411929e-03
6.800000000000003819e-01 7.538682941253164495e-03
6.900000000000003908e-01 8.271440611705899171e-03
7.000000000000003997e-01 9.061095341001175127e-03
7.100000000000004086e-01 9.910870458425279084e-03
7.200000000000004174e-01 1.082409025538635765e-02
7.300000000000004263e-01 1.180417850420622042e-02
7.400000000000004352e-01 1.285465669232885647e-02
7.500000000000004441e-01 1.397914196817578135e-02
7.600000000000004530e-01 1.518134479565742129e-02
7.700000000000004619e-01 1.646506631515471178e-02
7.800000000000004707e-01 1.783419540961366651e-02
7.900000000000004796e-01 1.929270547524554805e-02
8.000000000000004885e-01 2.084465089719379077e-02
8.100000000000004974e-01 2.249416323141351787e-02
8.200000000000005063e-01 2.424544709490743938e-02
8.300000000000005151e-01 2.610277576737040500e-02
8.400000000000005240e-01 2.807048650821087829e-02
8.500000000000005329e-01 3.015297559383802589e-02
8.600000000000005418e-01 3.235469308102503078e-02
8.700000000000005507e-01 3.468013730307917264e-02
8.800000000000005596e-01 3.713384910646417431e-02
8.900000000000005684e-01 3.972040583642692801e-02
9.000000000000005773e-01 4.244441508107558297e-02
9.100000000000005862e-01 4.531050818423577875e-02
9.200000000000005951e-01 4.832333353827343581e-02
9.300000000000006040e-01 5.148754966891210677e-02
9.400000000000006128e-01 5.480781812488776106e-02
9.500000000000006217e-01 5.828879618607017005e-02
9.600000000000006306e-01 6.193512940443496317e-02
9.700000000000006395e-01 6.575144399299052977e-02
9.800000000000006484e-01 6.974233907844615277e-02
9.900000000000006573e-01 7.391237883404949693e-02
1.000000000000000666e+00 7.826608450961902719e-02
1.010000000000000675e+00 8.280792637634872000e-02
1.020000000000000684e+00 8.754231560446448790e-02
1.030000000000000693e+00 9.247359609226266097e-02
1.040000000000000702e+00 9.760603626545806544e-02
1.050000000000000711e+00 1.029438208661101473e-01
1.060000000000000719e+00 1.084910427506791814e-01
1.070000000000000728e+00 1.142516947169883029e-01
1.080000000000000737e+00 1.202296613800300645e-01
1.090000000000000746e+00 1.264287111166566557e-01
1.100000000000000755e+00 1.328524880992305035e-01
1.110000000000000764e+00 1.395045044382849653e-01
1.120000000000000773e+00 1.463881324541535522e-01
1.130000000000000782e+00 1.535065970973704119e-01
1.140000000000000790e+00 1.608629685374228513e-01
1.150000000000000799e+00 1.684601549391522290e-01
1.160000000000000808e+00 1.763008954457490340e-01
1.170000000000000817e+00 1.843877533868753249e-01
1.180000000000000826e+00 1.927231097299729468e-01
1.190000000000000835e+00 2.013091567922793423e-01
1.200000000000000844e+00 2.101478922304782782e-01
1.210000000000000853e+00 2.192411133242594956e-01
1.220000000000000862e+00 2.285904115693538075e-01
1.230000000000000870e+00 2.381971675948491018e-01
1.240000000000000879e+00 2.480625464187811435e-01
1.250000000000000888e+00 2.581874930551344982e-01
1.260000000000000897e+00 2.685727284844847684e-01
1.270000000000000906e+00 2.792187459995689736e-01
1.280000000000000915e+00 2.901258079360874431e-01
1.290000000000000924e+00 3.012939427980227403e-01
1.300000000000000933e+00 3.127229427857134425e-01
1.310000000000000941e+00 3.244123617338452448e-01
1.320000000000000950e+00 3.363615134654224237e-01
1.330000000000000959e+00 3.485694705666668169e-01
1.340000000000000968e+00 3.610350635866579339e-01
1.350000000000000977e+00 3.737568806643856711e-01
1.360000000000000986e+00 3.867332675847371393e-01
1.370000000000000995e+00 3.999623282637871924e-01
1.380000000000001004e+00 4.134419256626131189e-01
1.390000000000001013e+00 4.271696831277088102e-01
1.400000000000001021e+00 4.411429861549416298e-01
1.410000000000001030e+00 4.553589845728750474e-01
1.420000000000001039e+00 4.698145951401796472e-01
1.430000000000001048e+00 4.845065045507764290e-01
1.440000000000001057e+00 4.994311728393035499e-01
1.450000000000001066e+00 5.145848371784751407e-01
1.460000000000001075e+00 5.299635160589107885e-01
1.470000000000001084e+00 5.455630138410605401e-01
1.480000000000001092e+00 5.613789256679377893e-01
1.490000000000001101e+00 5.774066427264999968e-01
1.500000000000001110e+00 5.936413578446918526e-01
1.510000000000001119e+00 6.100780714103873903e-01
1.520000000000001128e+00 6.267115975977398667e-01
1.530000000000001137e+00 6.435365708857716527e-01
1.540000000000001146e+00 6.605474528534145406e-01
1.550000000000001155e+00 6.777385392346459980e-01
1.560000000000001164e+00 6.951039672168541905e-01
1.570000000000001172e+00 7.126377229651154055e-01
1.580000000000001181e+00 7.303336493546738195e-01
1.590000000000001190e+00 7.481854538935779342e-01
1.600000000000001199e+00 7.661867168171558884e-01
1.610000000000001208e+00 7.843308993357952508e-01
1.620000000000001217e+00 8.026113520173365767e-01
1.630000000000001226e+00 8.210213232852958676e-01
1.640000000000001235e+00 8.395539680140891026e-01
1.650000000000001243e+00 8.582023562024525543e-01
1.660000000000001252e+00 8.769594817063272041e-01
1.670000000000001261e+00 8.958182710126036952e-01
1.680000000000001270e+00 9.147715920353093333e-01
1.690000000000001279e+00 9.338122629160507948e-01
1.700000000000001288e+00 9.529330608108115275e-01
1.710000000000001297e+00 9.721267306455353419e-01
1.720000000000001306e+00 9.913859938233028357e-01
1.730000000000001315e+00 1.010703556866329622e+00
1.740000000000001323e+00 1.030072119976477074e+00
1.750000000000001332e+00 1.049484385498462569e+00
1.760000000000001341e+00 1.068933066270496113e+00
1.770000000000001350e+00 1.088410893847633121e+00
1.780000000000001359e+00 1.107910626583736846e+00
1.790000000000001368e+00 1.127425057558563815e+00
1.800000000000001377e+00 1.146947022337140076e+00
1.810000000000001386e+00 1.166469406549265564e+00
1.820000000000001394e+00 1.185985153277676396e+00
1.830000000000001403e+00 1.205487270244098408e+00
1.840000000000001412e+00 1.224968836783149273e+00
1.850000000000001421e+00 1.244423010594772894e+00
1.860000000000001430e+00 1.263843034266630028e+00
1.870000000000001439e+00 1.283222241558610976e+00
1.880000000000001448e+00 1.302554063442382004e+00
1.890000000000001457e+00 1.321832033889621005e+00
1.900000000000001465e+00 1.341049795403342015e+00
1.910000000000001474e+00 1.360201104287443341e+00
1.920000000000001483e+00 1.379279835650346842e+00
1.930000000000001492e+00 1.398279988139313756e+00
1.940000000000001501e+00 1.417195688402733245e+00
1.950000000000001510e+00 1.436021195278374574e+00
1.960000000000001519e+00 1.454750903706276910e+00
1.970000000000001528e+00 1.473379348365608132e+00
1.980000000000001537e+00 1.491901207035477128e+00
1.990000000000001545e+00 1.510311303680301753e+00
2.000000000000001332e+00 1.528604611260943047e+00
2.010000000000001119e+00 1.546776254273394935e+00
2.020000000000000906e+00 1.564821511017378652e+00
2.030000000000000693e+00 1.582735815597721807e+00
2.040000000000000480e+00 1.600514759661912256e+00
2.050000000000000266e+00 1.618154093877698818e+00
2.060000000000000053e+00 1.635649729155064458e+00
2.069999999999999840e+00 1.652997737617330376e+00
2.079999999999999627e+00 1.670194353326546199e+00
2.089999999999999414e+00 1.687235972768699410e+00
2.099999999999999201e+00 1.704119155104622418e+00
2.109999999999998987e+00 1.720840622192793212e+00
2.119999999999998774e+00 1.737397258390519950e+00
2.129999999999998561e+00 1.753786110140262755e+00
2.139999999999998348e+00 1.770004385348081355e+00
2.149999999999998135e+00 1.786049452561412343e+00
2.159999999999997922e+00 1.801918839953560392e+00
2.169999999999997708e+00 1.817610234122449375e+00
2.179999999999997495e+00 1.833121478711311703e+00
2.189999999999997282e+00 1.848450572859103191e+00
2.199999999999997069e+00 1.863595669488519402e+00
2.209999999999996856e+00 1.878555073439548417e+00
2.219999999999996643e+00 1.893327239456537692e+00
2.229999999999996430e+00 1.907910770036772119e+00
2.239999999999996216e+00 1.922304413148556490e+00
2.249999999999996003e+00 1.936507059826778621e+00
2.259999999999995790e+00 1.950517741653886583e+00
2.269999999999995577e+00 1.964335628134155964e+00
2.279999999999995364e+00 1.977960023969052905e+00
2.289999999999995151e+00 1.991390366241402088e+00
2.299999999999994937e+00 2.004626221515971807e+00
2.309999999999994724e+00 2.017667282863960132e+00
2.319999999999994511e+00 2.030513366818745613e+00
2.329999999999994298e+00 2.043164410270110753e+00
2.339999999999994085e+00 2.055620467304000165e+00
2.349999999999993872e+00 2.067881705994707442e+00
2.359999999999993658e+00 2.079948405156208935e+00
2.369999999999993445e+00 2.091820951059183642e+00
2.379999999999993232e+00 2.103499834120068801e+00
2.389999999999993019e+00 2.114985645568299599e+00
2.399999999999992806e+00 2.126279074097686461e+00
2.409999999999992593e+00 2.137380902507672875e+00
2.419999999999992379e+00 2.148292004340007555e+00
2.429999999999992166e+00 2.159013340516146240e+00
2.439999999999991953e+00 2.169545955980492380e+00
2.449999999999991740e+00 2.179890976354356358e+00
2.459999999999991527e+00 2.190049604605298406e+00
2.469999999999991314e+00 2.200023117736301881e+00
2.479999999999991100e+00 2.209812863499001523e+00
2.489999999999990887e+00 2.219420257134970154e+00
2.499999999999990674e+00 2.228846778148853680e+00
2.509999999999990461e+00 2.238093967116923544e+00
2.519999999999990248e+00 2.247163422534403932e+00
2.529999999999990035e+00 2.256056797704716566e+00
2.539999999999989821e+00 2.264775797673582947e+00
2.549999999999989608e+00 2.273322176210710754e+00
2.559999999999989395e+00 2.281697732841594384e+00
2.569999999999989182e+00 2.289904309931763748e+00
2.579999999999988969e+00 2.297943789825615646e+00
2.589999999999988756e+00 2.305818092041779011e+00
2.599999999999988542e+00 2.313529170526781087e+00
2.609999999999988329e+00 2.321079010968600809e+00
2.619999999999988116e+00 2.328469628171520256e+00
2.629999999999987903e+00 2.335703063493524745e+00
2.639999999999987690e+00 2.342781382347331132e+00
2.649999999999987477e+00 2.349706671765968480e+00
2.659999999999987264e+00 2.356481038033691355e+00
2.669999999999987050e+00 2.363106604382847031e+00
2.679999999999986837e+00 2.369585508757191761e+00
2.689999999999986624e+00 2.375919901642009613e+00
2.699999999999986411e+00 2.382111943961257694e+00
2.709999999999986198e+00 2.388163805041847443e+00
2.719999999999985985e+00 2.394077660645046901e+00
2.729999999999985771e+00 2.399855691064882723e+00
2.739999999999985558e+00 2.405500079293314553e+00
2.749999999999985345e+00 2.411013009251854466e+00
2.759999999999985132e+00 2.416396664089211388e+00
2.769999999999984919e+00 2.421653224544452865e+00
2.779999999999984706e+00 2.426784867375089583e+00
2.789999999999984492e+00 2.431793763849417367e+00
2.799999999999984279e+00 2.436682078302372378e+00
2.809999999999984066e+00 2.441451966754090819e+00
2.819999999999983853e+00 2.446105575590304060e+00
2.829999999999983640e+00 2.450645040303637945e+00
2.839999999999983427e+00 2.455072484294835711e+00
2.849999999999983213e+00 2.459390017732873801e+00
2.859999999999983000e+00 2.463599736472898538e+00
2.869999999999982787e+00 2.467703721030866770e+00
2.879999999999982574e+00 2.471704035613742967e+00
2.889999999999982361e+00 2.475602727204071041e+00
2.899999999999982148e+00 2.479401824697712975e+00
2.909999999999981934e+00 2.483103338093518797e+00
2.919999999999981721e+00 2.486709257733676015e+00
2.929999999999981508e+00 2.490221553593465753e+00
2.939999999999981295e+00 2.493642174619139062e+00
2.949999999999981082e+00 2.496973048112621107e+00
2.959999999999980869e+00 2.500216079161730054e+00
2.969999999999980655e+00 2.503373150114609480e+00
2.979999999999980442e+00 2.506446120097053143e+00
2.989999999999980229e+00 2.509436824571412039e+00
2.999999999999980016e+00 2.512347074935771030e+00
3.009999999999979803e+00 2.515178658162086744e+00
3.019999999999979590e+00 2.517933336471986472e+00
3.029999999999979376e+00 2.520612847048931293e+00
3.039999999999979163e+00 2.523218901785464485e+00
3.049999999999978950e+00 2.525753187064268435e+00
3.059999999999978737e+00 2.528217363571773735e+00
3.069999999999978524e+00 2.530613066143078349e+00
3.079999999999978311e+00 2.532941903636942715e+00
3.089999999999978098e+00 2.535205458839656423e+00
3.099999999999977884e+00 2.537405288396579639e+00
3.109999999999977671e+00 2.539542922770189115e+00
3.119999999999977458e+00 2.541619866223471469e+00
3.129999999999977245e+00 2.543637596827537983e+00
3.139999999999977032e+00 2.545597566492346697e+00
3.149999999999976819e+00 2.547501201019446881e+00
3.159999999999976605e+00 2.549349900175680972e+00
3.169999999999976392e+00 2.551145037786804792e+00
3.179999999999976179e+00 2.552887961850008214e+00
3.189999999999975966e+00 2.554579994664347709e+00
3.199999999999975753e+00 2.556222432978119574e+00
3.209999999999975540e+00 2.557816548152236802e+00
3.219999999999975326e+00 2.559363586338689878e+00
3.229999999999975113e+00 2.560864768673200231e+00
3.239999999999974900e+00 2.562321291481203467e+00
3.249999999999974687e+00 2.563734326496318161e+00
3.259999999999974474e+00 2.565105021090486659e+00
3.269999999999974261e+00 2.566434498514998719e+00
3.279999999999974047e+00 2.567723858151633287e+00
3.289999999999973834e+00 2.568974175773175883e+00
3.299999999999973621e+00 2.570186503812600165e+00
3.309999999999973408e+00 2.571361871640222674e+00
3.319999999999973195e+00 2.572501285848161068e+00
3.329999999999972982e+00 2.573605730541460801e+00
3.339999999999972768e+00 2.574676167635263635e+00
3.349999999999972555e+00 2.575713537157430011e+00
3.359999999999972342e+00 2.576718757556039741e+00
3.369999999999972129e+00 2.577692726011221236e+00
3.379999999999971916e+00 2.578636318750784362e+00
3.389999999999971703e+00 2.579550391369151985e+00
3.399999999999971489e+00 2.580435779149101272e+00
3.409999999999971276e+00 2.581293297385858665e+00
3.419999999999971063e+00 2.582123741713101772e+00
3.429999999999970850e+00 2.582927888430446739e+00
3.439999999999970637e+00 2.583706494832017864e+00
3.449999999999970424e+00 2.584460299535717098e+00
3.459999999999970210e+00 2.585190022812825728e+00
3.469999999999969997e+00 2.585896366917595834e+00
3.479999999999969784e+00 2.586580016416496708e+00
3.489999999999969571e+00 2.587241638516806219e+00
3.499999999999969358e+00 2.587881883394255400e+00
3.509999999999969145e+00 2.588501384519440229e+00
3.519999999999968932e+00 2.589100758982741723e+00
3.529999999999968718e+00 2.589680607817504754e+00
3.539999999999968505e+00 2.590241516321242443e+00
3.549999999999968292e+00 2.590784054374645873e+00
3.559999999999968079e+00 2.591308776758193932e+00
3.569999999999967866e+00 2.591816223466172353e+00
3.579999999999967653e+00 2.592306920017920735e+00
3.589999999999967439e+00 2.592781377766142370e+00
3.599999999999967226e+00 2.593240094202120982e+00
3.609999999999967013e+00 2.593683553257700947e+00
3.619999999999966800e+00 2.594112225603900868e+00
3.629999999999966587e+00 2.594526568946035283e+00
3.639999999999966374e+00 2.594927028315237028e+00
3.649999999999966160e+00 2.595314036356275889e+00
3.659999999999965947e+00 2.595688013611583855e+00
3.669999999999965734e+00 2.596049368801400803e+00
3.679999999999965521e+00 2.596398499099972224e+00
3.689999999999965308e+00 2.596735790407724398e+00
3.699999999999965095e+00 2.597061617619369045e+00
3.709999999999964881e+00 2.597376344887877497e+00
3.719999999999964668e+00 2.597680325884287544e+00
3.729999999999964455e+00 2.597973904053304306e+00
3.739999999999964242e+00 2.598257412864665383e+00
3.749999999999964029e+00 2.598531176060246306e+00
3.759999999999963816e+00 2.598795507896889845e+00
3.769999999999963602e+00 2.599050713384945865e+00
3.779999999999963389e+00 2.599297088522516397e+00
3.789999999999963176e+00 2.599534920525401915e+00
3.799999999999962963e+00 2.599764488052755063e+00
3.809999999999962750e+00 2.599986061428447126e+00
3.819999999999962537e+00 2.600199902858159717e+00
3.829999999999962323e+00 2.600406266642217190e+00
3.839999999999962110e+00 2.600605399384181116e+00
3.849999999999961897e+00 2.600797540195227242e+00
3.859999999999961684e+00 2.600982920894332473e+00
3.869999999999961471e+00 2.601161766204303394e+00
3.879999999999961258e+00 2.601334293943675657e+00
3.889999999999961044e+00 2.601500715214520643e+00
3.899999999999960831e+00 2.601661234586197136e+00
3.909999999999960618e+00 2.601816050275087999e+00
3.919999999999960405e+00 2.601965354320363133e+00
3.929999999999960192e+00 2.602109332755813575e+00
3.939999999999959979e+00 2.602248165777801159e+00
3.949999999999959766e+00 2.602382027909373008e+00
3.959999999999959552e+00 2.602511088160587960e+00
3.969999999999959339e+00 2.602635510185107304e+00
3.979999999999959126e+00 2.602755452433098249e+00
3.989999999999958913e+00 2.602871068300505186e+00
3.999999999999958700e+00 2.602982506274742480e+00
4.009999999999958931e+00 2.603089910076861191e+00
4.019999999999958717e+00 2.603193418800245684e+00
4.029999999999958504e+00 2.603293167045896972e+00
4.039999999999958291e+00 2.603389285054357849e+00
4.049999999999958078e+00 2.603481898834336228e+00
4.059999999999957865e+00 2.603571130288085289e+00
4.069999999999957652e+00 2.603657097333596848e+00
4.079999999999957438e+00 2.603739914023664337e+00
4.089999999999957225e+00 2.603819690661874908e+00
4.099999999999957012e+00 2.603896533915587064e+00
4.109999999999956799e+00 2.603970546925952423e+00
4.119999999999956586e+00 2.604041829415037590e+00
4.129999999999956373e+00 2.604110477790104294e+00
4.139999999999956160e+00 2.604176585245105091e+00
4.149999999999955946e+00 2.604240241859450578e+00
4.159999999999955733e+00 2.604301534694106302e+00
4.169999999999955520e+00 2.604360547885072652e+00
4.179999999999955307e+00 2.604417362734305907e+00
4.189999999999955094e+00 2.604472057798135509e+00
4.199999999999954881e+00 2.604524708973229519e+00
4.209999999999954667e+00 2.604575389580165545e+00
4.219999999999954454e+00 2.604624170444659992e+00
4.229999999999954241e+00 2.604671119976508908e+00
4.239999999999954028e+00 2.604716304246289749e+00
4.249999999999953815e+00 2.604759787059880871e+00
4.259999999999953602e+00 2.604801630030846304e+00
4.269999999999953388e+00 2.604841892650738178e+00
4.279999999999953175e+00 2.604880632357363890e+00
4.289999999999952962e+00 2.604917904601071310e+00
4.299999999999952749e+00 2.604953762909094639e+00
4.309999999999952536e+00 2.604988258948015556e+00
4.319999999999952323e+00 2.605021442584378732e+00
4.329999999999952109e+00 2.605053361943514556e+00
4.339999999999951896e+00 2.605084063466609035e+00
4.349999999999951683e+00 2.605113591966069286e+00
4.359999999999951470e+00 2.605141990679225472e+00
4.369999999999951257e+00 2.605169301320414466e+00
4.379999999999951044e+00 2.605195564131485231e+00
4.389999999999950830e+00 2.605220817930768540e+00
4.399999999999950617e+00 2.605245100160550553e+00
4.409999999999950404e+00 2.605268446933092896e+00
4.419999999999950191e+00 2.605290893075232539e+00
4.429999999999949978e+00 2.605312472171607219e+00
4.439999999999949765e+00 2.605333216606535274e+00
4.449999999999949551e+00 2.605353157604595626e+00
4.459999999999949338e+00 2.605372325269934564e+00
4.469999999999949125e+00 2.605390748624342390e+00
4.479999999999948912e+00 2.605408455644129262e+00
4.489999999999948699e+00 2.605425473295835292e+00
4.499999999999948486e+00 2.605441827570808222e+00
4.509999999999948272e+00 2.605457543518679309e+00
4.519999999999948059e+00 2.605472645279771626e+00
4.529999999999947846e+00 2.605487156116466974e+00
4.539999999999947633e+00 2.605501098443566477e+00
4.549999999999947420e+00 2.605514493857668867e+00
4.559999999999947207e+00 2.605527363165599297e+00
4.569999999999946994e+00 2.605539726411913559e+00
4.579999999999946780e+00 2.605551602905507469e+00
4.589999999999946567e+00 2.605563011245353611e+00
4.599999999999946354e+00 2.605573969345397423e+00
4.609999999999946141e+00 2.605584494458631717e+00
4.619999999999945928e+00 2.605594603200377612e+00
4.629999999999945715e+00 2.605604311570795861e+00
4.639999999999945501e+00 2.605613634976648996e+00
4.649999999999945288e+00 2.605622588252340943e+00
4.659999999999945075e+00 2.605631185680253648e+00
4.669999999999944862e+00 2.605639441010401125e+00
4.679999999999944649e+00 2.605647367479426268e+00
4.689999999999944436e+00 2.605654977828955943e+00
4.699999999999944222e+00 2.605662284323337019e+00
4.709999999999944009e+00 2.605669298766772002e+00
4.719999999999943796e+00 2.605676032519871566e+00
4.729999999999943583e+00 2.605682496515646207e+00
4.739999999999943370e+00 2.605688701274949892e+00
4.749999999999943157e+00 2.605694656921396568e+00
4.759999999999942943e+00 2.605700373195762864e+00
4.769999999999942730e+00 2.605705859469898300e+00
4.779999999999942517e+00 2.605711124760154096e+00
4.789999999999942304e+00 2.605716177740347028e+00
4.799999999999942091e+00 2.605721026754276082e+00
4.809999999999941878e+00 2.605725679827803010e+00
4.819999999999941664e+00 2.605730144680511451e+00
4.829999999999941451e+00 2.605734428736961483e+00
4.839999999999941238e+00 2.605738539137548049e+00
4.849999999999941025e+00 2.605742482748979238e+00
4.859999999999940812e+00 2.605746266174386871e+00
4.869999999999940599e+00 2.605749895763080470e+00
4.879999999999940385e+00 2.605753377619956623e+00
4.889999999999940172e+00 2.605756717614574391e+00
4.899999999999939959e+00 2.605759921389911860e+00
4.909999999999939746e+00 2.605762994370807384e+00
4.919999999999939533e+00 2.605765941772103300e+00
4.929999999999939320e+00 2.605768768606496533e+00
4.939999999999939106e+00 2.605771479692111203e+00
4.949999999999938893e+00 2.605774079659795461e+00
4.959999999999938680e+00 2.605776572960161186e+00
4.969999999999938467e+00 2.605778963870365672e+00
4.979999999999938254e+00 2.605781256500651288e+00
4.989999999999938041e+00 2.605783454800647991e+00
4.999999999999937828e+00 2.605785562565447577e+00
5.009999999999937614e+00 2.605787583441457667e+00
5.019999999999937401e+00 2.605789520932041636e+00
5.029999999999937188e+00 2.605791378402954273e+00
5.039999999999936975e+00 2.605793159087579802e+00
5.049999999999936762e+00 2.605794866091974527e+00
5.059999999999936549e+00 2.605796502399730041e+00
5.069999999999936335e+00 2.605798070876653050e+00
5.079999999999936122e+00 2.605799574275275088e+00
5.089999999999935909e+00 2.605801015239197493e+00
5.099999999999935696e+00 2.605802396307272506e+00
5.109999999999935483e+00 2.605803719917632044e+00
5.119999999999935270e+00 2.605804988411567713e+00
5.129999999999935056e+00 2.605806204037264262e+00
5.139999999999934843e+00 2.605807368953396264e+00
5.149999999999934630e+00 2.605808485232590677e+00
5.159999999999934417e+00 2.605809554864758848e+00
5.169999999999934204e+00 2.605810579760304613e+00
5.179999999999933991e+00 2.605811561753213379e+00
5.189999999999933777e+00 2.605812502604023528e+00
5.199999999999933564e+00 2.605813404002687683e+00
5.209999999999933351e+00 2.605814267571324283e+00
5.219999999999933138e+00 2.605815094866867465e+00
5.229999999999932925e+00 2.605815887383617024e+00
5.239999999999932712e+00 2.605816646555688898e+00
5.249999999999932498e+00 2.605817373759376832e+00
5.259999999999932285e+00 2.605818070315421231e+00
5.269999999999932072e+00 2.605818737491193637e+00
5.279999999999931859e+00 2.605819376502797269e+00
5.289999999999931646e+00 2.605819988517087626e+00
5.299999999999931433e+00 2.605820574653615829e+00
5.309999999999931219e+00 2.605821135986497339e+00
5.319999999999931006e+00 2.605821673546210970e+00
5.329999999999930793e+00 2.605822188321325950e+00
5.339999999999930580e+00 2.605822681260164142e+00
5.349999999999930367e+00 2.605823153272399662e+00
5.359999999999930154e+00 2.605823605230593643e+00
5.369999999999929940e+00 2.605824037971673057e+00
5.379999999999929727e+00 2.605824452298349581e+00
5.389999999999929514e+00 2.605824848980486053e+00
5.399999999999929301e+00 2.605825228756408318e+00
5.409999999999929088e+00 2.605825592334166441e+00
5.419999999999928875e+00 2.605825940392747508e+00
5.429999999999928662e+00 2.605826273583240038e+00
5.439999999999928448e+00 2.605826592529954855e+00
5.449999999999928235e+00 2.605826897831499789e+00
5.459999999999928022e+00 2.605827190061815291e+00
5.469999999999927809e+00 2.605827469771166083e+00
5.479999999999927596e+00 2.605827737487098172e+00
5.489999999999927383e+00 2.605827993715353230e+00
5.499999999999927169e+00 2.605828238940751440e+00
5.509999999999926956e+00 2.605828473628037933e+00
5.519999999999926743e+00 2.605828698222695472e+00
5.529999999999926530e+00 2.605828913151724713e+00
5.539999999999926317e+00 2.605829118824395607e+00
5.549999999999926104e+00 2.605829315632967713e+00
5.559999999999925890e+00 2.605829503953380755e+00
5.569999999999925677e+00 2.605829684145921199e+00
5.579999999999925464e+00 2.605829856555858637e+00
5.589999999999925251e+00 2.605830021514059514e+00
5.599999999999925038e+00 2.605830179337575103e+00
5.609999999999924825e+00 2.605830330330206834e+00
5.619999999999924611e+00 2.605830474783048079e+00
5.629999999999924398e+00 2.605830612975005067e+00
5.639999999999924185e+00 2.605830745173297824e+00
5.649999999999923972e+00 2.605830871633938006e+00
5.659999999999923759e+00 2.605830992602191643e+00
5.669999999999923546e+00 2.605831108313019229e+00
5.679999999999923332e+00 2.605831218991502052e+00
5.689999999999923119e+00 2.605831324853248532e+00
5.699999999999922906e+00 2.605831426104784576e+00
5.709999999999922693e+00 2.605831522943930167e+00
5.719999999999922480e+00 2.605831615560157744e+00
5.729999999999922267e+00 2.605831704134939031e+00
5.739999999999922053e+00 2.605831788842075447e+00
5.749999999999921840e+00 2.605831869848016957e+00
5.759999999999921627e+00 2.605831947312166719e+00
5.769999999999921414e+00 2.605832021387174180e+00
5.779999999999921201e+00 2.605832092219215301e+00
5.789999999999920988e+00 2.605832159948262561e+00
5.799999999999920774e+00 2.605832224708343414e+00
5.809999999999920561e+00 2.605832286627788097e+00
5.819999999999920348e+00 2.605832345829466767e+00
5.829999999999920135e+00 2.605832402431019101e+00
5.839999999999919922e+00 2.605832456545071452e+00
5.849999999999919709e+00 2.605832508279447346e+00
5.859999999999919496e+00 2.605832557737368660e+00
5.869999999999919282e+00 2.605832605017648795e+00
5.879999999999919069e+00 2.605832650214877422e+00
5.889999999999918856e+00 2.605832693419597668e+00
5.899999999999918643e+00 2.605832734718476651e+00
5.909999999999918430e+00 2.605832774194468016e+00
5.919999999999918217e+00 2.605832811926969139e+00
5.929999999999918003e+00 2.605832847991970347e+00
5.939999999999917790e+00 2.605832882462198352e+00
5.949999999999917577e+00 2.605832915407255257e+00
5.959999999999917364e+00 2.605832946893749558e+00
5.969999999999917151e+00 2.605832976985423155e+00
5.979999999999916938e+00 2.605833005743272590e+00
5.989999999999916724e+00 2.605833033225665396e+00
5.999999999999916511e+00 2.605833059488451120e+00
6.009999999999916298e+00 2.605833084585069237e+00
6.019999999999916085e+00 2.605833108566650402e+00
6.029999999999915872e+00 2.605833131482115039e+00
6.039999999999915659e+00 2.605833153378267486e+00
6.049999999999915445e+00 2.605833174299885702e+00
6.059999999999915232e+00 2.605833194289808308e+00
6.069999999999915019e+00 2.605833213389016301e+00
6.079999999999914806e+00 2.605833231636713432e+00
6.089999999999914593e+00 2.605833249070400814e+00
6.099999999999914380e+00 2.605833265725951087e+00
6.109999999999914166e+00 2.605833281637676802e+00
6.119999999999913953e+00 2.605833296838398372e+00
6.129999999999913740e+00 2.605833311359507132e+00
6.139999999999913527e+00 2.605833325231027064e+00
6.149999999999913314e+00 2.605833338481673422e+00
6.159999999999913101e+00 2.605833351138908238e+00
6.169999999999912887e+00 2.605833363228995392e+00
6.179999999999912674e+00 2.605833374777051237e+00
6.189999999999912461e+00 2.605833385807094782e+00
6.199999999999912248e+00 2.605833396342093433e+00
6.209999999999912035e+00 2.605833406404010510e+00
6.219999999999911822e+00 2.605833416013846549e+00
6.229999999999911608e+00 2.605833425191682373e+00
6.239999999999911395e+00 2.605833433956717293e+00
6.249999999999911182e+00 2.605833442327309069e+00
6.259999999999910969e+00 2.605833450321008549e+00
6.269999999999910756e+00 2.605833457954596089e+00
6.279999999999910543e+00 2.605833465244113523e+00
6.289999999999910330e+00 2.605833472204897028e+00
6.299999999999910116e+00 2.605833478851608209e+00
6.309999999999909903e+00 2.605833485198262078e+00
6.319999999999909690e+00 2.605833491258256362e+00
6.329999999999909477e+00 2.605833497044397262e+00
6.339999999999909264e+00 2.605833502568926541e+00
6.349999999999909051e+00 2.605833507843544616e+00
6.359999999999908837e+00 2.605833512879435432e+00
6.369999999999908624e+00 2.605833517687288214e+00
6.379999999999908411e+00 2.605833522277318792e+00
6.389999999999908198e+00 2.605833526659291355e+00
6.399999999999907985e+00 2.605833530842537105e+00
6.409999999999907772e+00 2.605833534835973797e+00
6.419999999999907558e+00 2.605833538648123504e+00
6.429999999999907345e+00 2.605833542287130378e+00
6.439999999999907132e+00 2.605833545760776637e+00
6.449999999999906919e+00 2.605833549076499001e+00
6.459999999999906706e+00 2.605833552241403339e+00
6.469999999999906493e+00 2.605833555262279777e+00
6.479999999999906279e+00 2.605833558145615569e+00
6.489999999999906066e+00 2.605833560897609313e+00
6.499999999999905853e+00 2.605833563524183827e+00
6.509999999999905640e+00 2.605833566030997250e+00
6.519999999999905427e+00 2.605833568423455482e+00
6.529999999999905214e+00 2.605833570706723279e+00
6.539999999999905000e+00 2.605833572885734473e+00
6.549999999999904787e+00 2.605833574965202182e+00
6.559999999999904574e+00 2.605833576949629471e+00
6.569999999999904361e+00 2.605833578843317344e+00
6.579999999999904148e+00 2.605833580650374515e+00
6.589999999999903935e+00 2.605833582374725399e+00
6.599999999999903721e+00 2.605833584020118554e+00
6.609999999999903508e+00 2.605833585590134671e+00
6.619999999999903295e+00 2.605833587088193681e+00
6.629999999999903082e+00 2.605833588517562305e+00
6.639999999999902869e+00 2.605833589881359824e+00
6.649999999999902656e+00 2.605833591182566078e+00
6.659999999999902442e+00 2.605833592424026346e+00
6.669999999999902229e+00 2.605833593608458010e+00
6.679999999999902016e+00 2.605833594738456771e+00
6.689999999999901803e+00 2.605833595816500203e+00
6.699999999999901590e+00 2.605833596844955302e+00
6.709999999999901377e+00 2.605833597826082038e+00
6.719999999999901164e+00 2.605833598762038239e+00
6.729999999999900950e+00 2.605833599654884480e+00
6.739999999999900737e+00 2.605833600506588077e+00
6.749999999999900524e+00 2.605833601319027970e+00
6.759999999999900311e+00 2.605833602093997836e+00
6.769999999999900098e+00 2.605833602833210083e+00
6.779999999999899885e+00 2.605833603538299847e+00
6.789999999999899671e+00 2.605833604210828103e+00
6.799999999999899458e+00 2.605833604852284768e+00
6.809999999999899245e+00 2.605833605464093150e+00
6.819999999999899032e+00 2.605833606047611273e+00
6.829999999999898819e+00 2.605833606604135877e+00
6.839999999999898606e+00 2.605833607134904639e+00
6.849999999999898392e+00 2.605833607641099281e+00
6.859999999999898179e+00 2.605833608123847345e+00
6.869999999999897966e+00 2.605833608584225747e+00
6.879999999999897753e+00 2.605833609023262110e+00
6.889999999999897540e+00 2.605833609441936982e+00
6.899999999999897327e+00 2.605833609841186949e+00
6.909999999999897113e+00 2.605833610221905516e+00
6.919999999999896900e+00 2.605833610584945337e+00
6.929999999999896687e+00 2.605833610931120425e+00
6.939999999999896474e+00 2.605833611261207938e+00
6.949999999999896261e+00 2.605833611575949060e+00
6.959999999999896048e+00 2.605833611876051226e+00
6.969999999999895834e+00 2.605833612162189450e+00
6.979999999999895621e+00 2.605833612435008106e+00
6.989999999999895408e+00 2.605833612695122259e+00
6.999999999999895195e+00 2.605833612943118993e+00
7.009999999999894982e+00 2.605833613179557862e+00
7.019999999999894769e+00 2.605833613404973104e+00
7.029999999999894555e+00 2.605833613619874534e+00
7.039999999999894342e+00 2.605833613824748429e+00
7.049999999999894129e+00 2.605833614020058864e+00
7.059999999999893916e+00 2.605833614206249038e+00
7.069999999999893703e+00 2.605833614383740837e+00
7.079999999999893490e+00 2.605833614552937938e+00
7.089999999999893276e+00 2.605833614714224478e+00
7.099999999999893063e+00 2.605833614867967718e+00
7.109999999999892850e+00 2.605833615014517601e+00
7.119999999999892637e+00 2.605833615154208083e+00
7.129999999999892424e+00 2.605833615287357574e+00
7.139999999999892211e+00 2.605833615414269833e+00
7.149999999999891998e+00 2.605833615535234848e+00
7.159999999999891784e+00 2.605833615650529289e+00
7.169999999999891571e+00 2.605833615760416944e+00
7.179999999999891358e+00 2.605833615865149611e+00
7.189999999999891145e+00 2.605833615964966654e+00
7.199999999999890932e+00 2.605833616060097668e+00
7.209999999999890719e+00 2.605833616150760701e+00
7.219999999999890505e+00 2.605833616237164030e+00
7.229999999999890292e+00 2.605833616319506163e+00
7.239999999999890079e+00 2.605833616397976726e+00
7.249999999999889866e+00 2.605833616472756464e+00
7.259999999999889653e+00 2.605833616544017239e+00
7.269999999999889440e+00 2.605833616611923809e+00
7.279999999999889226e+00 2.605833616676632936e+00
7.289999999999889013e+00 2.605833616738293834e+00
7.299999999999888800e+00 2.605833616797049057e+00
7.309999999999888587e+00 2.605833616853034496e+00
7.319999999999888374e+00 2.605833616906379824e+00
7.329999999999888161e+00 2.605833616957208942e+00
7.339999999999887947e+00 2.605833617005639091e+00
7.349999999999887734e+00 2.605833617051783069e+00
7.359999999999887521e+00 2.605833617095747901e+00
7.369999999999887308e+00 2.605833617137635727e+00
7.379999999999887095e+00 2.605833617177544248e+00
7.389999999999886882e+00 2.605833617215566278e+00
7.399999999999886668e+00 2.605833617251790191e+00
7.409999999999886455e+00 2.605833617286300363e+00
7.419999999999886242e+00 2.605833617319177176e+00
7.429999999999886029e+00 2.605833617350497899e+00
7.439999999999885816e+00 2.605833617380335365e+00
7.449999999999885603e+00 2.605833617408759295e+00
7.459999999999885389e+00 2.605833617435836302e+00
7.469999999999885176e+00 2.605833617461629448e+00
7.479999999999884963e+00 2.605833617486199572e+00
7.489999999999884750e+00 2.605833617509603961e+00
7.499999999999884537e+00 2.605833617531897684e+00
7.509999999999884324e+00 2.605833617553133141e+00
7.519999999999884110e+00 2.605833617573360073e+00
7.529999999999883897e+00 2.605833617592626439e+00
7.539999999999883684e+00 2.605833617610977093e+00
7.549999999999883471e+00 2.605833617628455556e+00
7.559999999999883258e+00 2.605833617645102684e+00
7.569999999999883045e+00 2.605833617660958001e+00
7.579999999999882832e+00 2.605833617676059255e+00
7.589999999999882618e+00 2.605833617690441528e+00
7.599999999999882405e+00 2.605833617704139016e+00
7.609999999999882192e+00 2.605833617717184136e+00
7.619999999999881979e+00 2.605833617729607532e+00
7.629999999999881766e+00 2.605833617741438957e+00
7.639999999999881553e+00 2.605833617752706388e+00
7.649999999999881339e+00 2.605833617763436472e+00
7.659999999999881126e+00 2.605833617773654520e+00
7.669999999999880913e+00 2.605833617783384959e+00
7.679999999999880700e+00 2.605833617792650880e+00
7.689999999999880487e+00 2.605833617801474489e+00
7.699999999999880274e+00 2.605833617809876657e+00
7.709999999999880060e+00 2.605833617817876924e+00
7.719999999999879847e+00 2.605833617825494830e+00
7.729999999999879634e+00 2.605833617832748583e+00
7.739999999999879421e+00 2.605833617839655503e+00
7.749999999999879208e+00 2.605833617846232020e+00
7.759999999999878995e+00 2.605833617852493678e+00
7.769999999999878781e+00 2.605833617858455575e+00
7.779999999999878568e+00 2.605833617864131924e+00
7.789999999999878355e+00 2.605833617869536489e+00
7.799999999999878142e+00 2.605833617874682151e+00
7.809999999999877929e+00 2.605833617879580899e+00
7.819999999999877716e+00 2.605833617884244724e+00
7.829999999999877502e+00 2.605833617888684728e+00
7.839999999999877289e+00 2.605833617892912013e+00
7.849999999999877076e+00 2.605833617896936349e+00
7.859999999999876863e+00 2.605833617900767507e+00
7.869999999999876650e+00 2.605833617904414812e+00
7.879999999999876437e+00 2.605833617907886701e+00
7.889999999999876223e+00 2.605833617911191613e+00
7.899999999999876010e+00 2.605833617914337985e+00
7.909999999999875797e+00 2.605833617917332923e+00
7.919999999999875584e+00 2.605833617920183976e+00
7.929999999999875371e+00 2.605833617922897805e+00
7.939999999999875158e+00 2.605833617925481072e+00
7.949999999999874944e+00 2.605833617927939994e+00
7.959999999999874731e+00 2.605833617930280344e+00
7.969999999999874518e+00 2.605833617932507895e+00
7.979999999999874305e+00 2.605833617934628421e+00
7.989999999999874092e+00 2.605833617936646363e+00
7.999999999999873879e+00 2.605833617938567048e+00
8.009999999999873666e+00 2.605833617940395364e+00
8.019999999999873452e+00 2.605833617942135305e+00
8.029999999999873239e+00 2.605833617943791314e+00
8.039999999999873026e+00 2.605833617945367386e+00
8.049999999999872813e+00 2.605833617946867520e+00
8.059999999999872600e+00 2.605833617948295267e+00
8.069999999999872387e+00 2.605833617949653735e+00
8.079999999999872173e+00 2.605833617950946479e+00
8.089999999999871960e+00 2.605833617952177050e+00
8.099999999999871747e+00 2.605833617953348114e+00
8.109999999999871534e+00 2.605833617954462333e+00
8.119999999999871321e+00 2.605833617955522818e+00
8.129999999999871108e+00 2.605833617956531789e+00
8.139999999999870894e+00 2.605833617957491910e+00
8.149999999999870681e+00 2.605833617958405846e+00
8.159999999999870468e+00 2.605833617959275372e+00
8.169999999999870255e+00 2.605833617960102710e+00
8.179999999999870042e+00 2.605833617960890081e+00
8.189999999999869829e+00 2.605833617961639259e+00
8.199999999999869615e+00 2.605833617962352022e+00
8.209999999999869402e+00 2.605833617963030147e+00
8.219999999999869189e+00 2.605833617963675408e+00
8.229999999999868976e+00 2.605833617964289139e+00
8.239999999999868763e+00 2.605833617964873117e+00
8.249999999999868550e+00 2.605833617965428672e+00
8.259999999999868336e+00 2.605833617965957583e+00
8.269999999999868123e+00 2.605833617966460736e+00
8.279999999999867910e+00 2.605833617966939464e+00
8.289999999999867697e+00 2.605833617967394655e+00
8.299999999999867484e+00 2.605833617967828086e+00
8.309999999999867271e+00 2.605833617968240201e+00
8.319999999999867057e+00 2.605833617968632332e+00
8.329999999999866844e+00 2.605833617969005367e+00
8.339999999999866631e+00 2.605833617969360194e+00
8.349999999999866418e+00 2.605833617969697702e+00
8.359999999999866205e+00 2.605833617970018778e+00
8.369999999999865992e+00 2.605833617970324312e+00
8.379999999999865778e+00 2.605833617970614746e+00
8.389999999999865565e+00 2.605833617970890970e+00
8.399999999999865352e+00 2.605833617971153870e+00
8.409999999999865139e+00 2.605833617971403893e+00
8.419999999999864926e+00 2.605833617971641925e+00
8.429999999999864713e+00 2.605833617971868410e+00
8.439999999999864500e+00 2.605833617972083793e+00
8.449999999999864286e+00 2.605833617972288518e+00
8.459999999999864073e+00 2.605833617972483029e+00
8.469999999999863860e+00 2.605833617972668215e+00
8.479999999999863647e+00 2.605833617972844518e+00
8.489999999999863434e+00 2.605833617973011940e+00
8.499999999999863221e+00 2.605833617973171368e+00
8.509999999999863007e+00 2.605833617973322802e+00
8.519999999999862794e+00 2.605833617973466687e+00
8.529999999999862581e+00 2.605833617973603911e+00
8.539999999999862368e+00 2.605833617973734029e+00
8.549999999999862155e+00 2.605833617973857930e+00
8.559999999999861942e+00 2.605833617973975613e+00
8.569999999999861728e+00 2.605833617974087524e+00
8.579999999999861515e+00 2.605833617974194105e+00
8.589999999999861302e+00 2.605833617974295358e+00
8.599999999999861089e+00 2.605833617974391725e+00
8.609999999999860876e+00 2.605833617974483207e+00
8.619999999999860663e+00 2.605833617974570249e+00
8.629999999999860449e+00 2.605833617974653293e+00
8.639999999999860236e+00 2.605833617974731897e+00
8.649999999999860023e+00 2.605833617974806948e+00
8.659999999999859810e+00 2.605833617974878003e+00
8.669999999999859597e+00 2.605833617974945948e+00
8.679999999999859384e+00 2.605833617975010341e+00
8.689999999999859170e+00 2.605833617975071625e+00
8.699999999999858957e+00 2.605833617975129801e+00
8.709999999999858744e+00 2.605833617975185312e+00
8.719999999999858531e+00 2.605833617975237715e+00
8.729999999999858318e+00 2.605833617975287897e+00
8.739999999999858105e+00 2.605833617975335414e+00
8.749999999999857891e+00 2.605833617975380712e+00
8.759999999999857678e+00 2.605833617975423788e+00
8.769999999999857465e+00 2.605833617975464644e+00
8.779999999999857252e+00 2.605833617975503280e+00
8.789999999999857039e+00 2.605833617975540140e+00
8.799999999999856826e+00 2.605833617975575223e+00
8.809999999999856612e+00 2.605833617975608529e+00
8.819999999999856399e+00 2.605833617975640060e+00
8.829999999999856186e+00 2.605833617975670258e+00
8.839999999999855973e+00 2.605833617975698679e+00
8.849999999999855760e+00 2.605833617975725769e+00
8.859999999999855547e+00 2.605833617975751526e+00
8.869999999999855333e+00 2.605833617975775951e+00
8.879999999999855120e+00 2.605833617975799488e+00
8.889999999999854907e+00 2.605833617975821692e+00
8.899999999999854694e+00 2.605833617975842564e+00
8.909999999999854481e+00 2.605833617975862548e+00
8.919999999999854268e+00 2.605833617975881644e+00
8.929999999999854055e+00 2.605833617975899852e+00
8.939999999999853841e+00 2.605833617975917171e+00
8.949999999999853628e+00 2.605833617975933603e+00
8.959999999999853415e+00 2.605833617975949146e+00
8.969999999999853202e+00 2.605833617975963801e+00
8.979999999999852989e+00 2.605833617975977567e+00
8.989999999999852776e+00 2.605833617975990890e+00
8.999999999999852562e+00 2.605833617976003325e+00
9.009999999999852349e+00 2.605833617976015315e+00
9.019999999999852136e+00 2.605833617976026861e+00
9.029999999999851923e+00 2.605833617976037520e+00
9.039999999999851710e+00 2.605833617976047734e+00
9.049999999999851497e+00 2.605833617976057504e+00
9.059999999999851283e+00 2.605833617976066829e+00
9.069999999999851070e+00 2.605833617976075711e+00
9.079999999999850857e+00 2.605833617976084149e+00
9.089999999999850644e+00 2.605833617976092142e+00
9.099999999999850431e+00 2.605833617976099692e+00
9.109999999999850218e+00 2.605833617976106797e+00
9.119999999999850004e+00 2.605833617976113459e+00
9.129999999999849791e+00 2.605833617976119676e+00
9.139999999999849578e+00 2.605833617976125893e+00
9.149999999999849365e+00 2.605833617976131666e+00
9.159999999999849152e+00 2.605833617976136996e+00
9.169999999999848939e+00 2.605833617976142325e+00
9.179999999999848725e+00 2.605833617976147210e+00
9.189999999999848512e+00 2.605833617976152095e+00
9.199999999999848299e+00 2.605833617976156535e+00
9.209999999999848086e+00 2.605833617976160532e+00
9.219999999999847873e+00 2.605833617976164529e+00
9.229999999999847660e+00 2.605833617976168526e+00
9.239999999999847446e+00 2.605833617976172079e+00
9.249999999999847233e+00 2.605833617976175631e+00
9.259999999999847020e+00 2.605833617976178740e+00
9.269999999999846807e+00 2.605833617976181849e+00
9.279999999999846594e+00 2.605833617976184513e+00
9.289999999999846381e+00 2.605833617976187178e+00
9.299999999999846167e+00 2.605833617976189842e+00
9.309999999999845954e+00 2.605833617976192507e+00
9.319999999999845741e+00 2.605833617976194727e+00
9.329999999999845528e+00 2.605833617976196948e+00
9.339999999999845315e+00 2.605833617976199168e+00
9.349999999999845102e+00 2.605833617976200944e+00
9.359999999999844889e+00 2.605833617976202721e+00
9.369999999999844675e+00 2.605833617976204497e+00
9.379999999999844462e+00 2.605833617976206273e+00
9.389999999999844249e+00 2.605833617976208050e+00
9.399999999999844036e+00 2.605833617976209382e+00
9.409999999999843823e+00 2.605833617976210714e+00
9.419999999999843610e+00 2.605833617976212047e+00
9.429999999999843396e+00 2.605833617976213379e+00
9.439999999999843183e+00 2.605833617976214711e+00
9.449999999999842970e+00 2.605833617976215599e+00
9.459999999999842757e+00 2.605833617976216487e+00
9.469999999999842544e+00 2.605833617976217376e+00
9.479999999999842331e+00 2.605833617976218264e+00
9.489999999999842117e+00 2.605833617976219152e+00
9.499999999999841904e+00 2.605833617976220040e+00
9.509999999999841691e+00 2.605833617976220928e+00
9.519999999999841478e+00 2.605833617976221817e+00
9.529999999999841265e+00 2.605833617976222705e+00
9.539999999999841052e+00 2.605833617976223149e+00
9.549999999999840838e+00 2.605833617976223593e+00
9.559999999999840625e+00 2.605833617976224037e+00
9.569999999999840412e+00 2.605833617976224481e+00
9.579999999999840199e+00 2.605833617976224925e+00
9.589999999999839986e+00 2.605833617976225369e+00
9.599999999999839773e+00 2.605833617976225813e+00
9.609999999999839559e+00 2.605833617976226257e+00
9.619999999999839346e+00 2.605833617976226702e+00
9.629999999999839133e+00 2.605833617976227146e+00
9.639999999999838920e+00 2.605833617976227590e+00
9.649999999999838707e+00 2.605833617976228034e+00
9.659999999999838494e+00 2.605833617976228478e+00
9.669999999999838280e+00 2.605833617976228922e+00
9.679999999999838067e+00 2.605833617976228922e+00
9.689999999999837854e+00 2.605833617976228922e+00
9.699999999999837641e+00 2.605833617976228922e+00
9.709999999999837428e+00 2.605833617976228922e+00
9.719999999999837215e+00 2.605833617976228922e+00
9.729999999999837001e+00 2.605833617976228922e+00
9.739999999999836788e+00 2.605833617976228922e+00
9.749999999999836575e+00 2.605833617976228922e+00
9.759999999999836362e+00 2.605833617976228922e+00
9.769999999999836149e+00 2.605833617976228922e+00
9.779999999999835936e+00 2.605833617976228922e+00
9.789999999999835723e+00 2.605833617976228922e+00
9.799999999999835509e+00 2.605833617976228922e+00
9.809999999999835296e+00 2.605833617976228922e+00
9.819999999999835083e+00 2.605833617976228922e+00
9.829999999999834870e+00 2.605833617976228922e+00
9.839999999999834657e+00 2.605833617976228922e+00
9.849999999999834444e+00 2.605833617976228922e+00
9.859999999999834230e+00 2.605833617976228922e+00
9.869999999999834017e+00 2.605833617976228922e+00
9.879999999999833804e+00 2.605833617976228922e+00
9.889999999999833591e+00 2.605833617976228922e+00
9.899999999999833378e+00 2.605833617976228922e+00
9.909999999999833165e+00 2.605833617976228922e+00
9.919999999999832951e+00 2.605833617976228922e+00
9.929999999999832738e+00 2.605833617976228922e+00
9.939999999999832525e+00 2.605833617976228922e+00
9.949999999999832312e+00 2.605833617976228922e+00
9.959999999999832099e+00 2.605833617976228922e+00
9.969999999999831886e+00 2.605833617976228922e+00
9.979999999999831672e+00 2.605833617976228922e+00
9.989999999999831459e+00 2.605833617976228922e+00
9.999999999999831246e+00 2.605833617976228922e+00
1.000000000000000000e+01 2.605833617976228922e+00
