2.556000000000000112e-03 0.000000000000000000e+00
5.112000000000000224e-03 4.474030299214849663e-04
7.667999999999999469e-03 1.807855060293865309e-03
1.022400000000000045e-02 4.932686020132135904e-03
1.278000000000000143e-02 1.092824723882060770e-02
1.533600000000000067e-02 2.116379875335792915e-02
1.789200000000000165e-02 3.727104858715581809e-02
2.044800000000000090e-02 6.114234500554877050e-02
2.300400000000000014e-02 9.492830132940555110e-02
2.555999999999999939e-02 1.410350114978964897e-01
2.811599999999999863e-02 2.021209019900146175e-01
3.067199999999999441e-02 2.810932378779368301e-01
3.322800000000000059e-02 3.811042924954313738e-01
3.578399999999999637e-02 5.055471874959185374e-01
3.833999999999999908e-02 6.580514092241692703e-01
4.089600000000000180e-02 8.424780071694613071e-01
4.345200000000000451e-02 1.062914480395470873e+00
4.600800000000000722e-02 1.323669358093298332e+00
4.856400000000000994e-02 1.629266480711264675e+00
5.112000000000001265e-02 1.984438988447834173e+00
5.367600000000001537e-02 2.394123024237475139e+00
5.623200000000001808e-02 2.863451158705841770e+00
5.878800000000002079e-02 3.397745544916190852e+00
6.134400000000001657e-02 4.002510811071011254e+00
6.390000000000001235e-02 4.683426699669814397e+00
6.645600000000002894e-02 5.446340461954862100e+00
6.901200000000001777e-02 6.297259016800449416e+00
7.156800000000003437e-02 7.242340883517427663e+00
7.412400000000002320e-02 8.287887898352460425e+00
7.668000000000002592e-02 9.440336724760356901e+00
7.923600000000002863e-02 1.070625016781722216e+01
8.179200000000003135e-02 1.209230830342148977e+01
8.434800000000003406e-02 1.360529943319884794e+01
8.690400000000003677e-02 1.525211087628467510e+01
8.946000000000003949e-02 1.703971960940380725e+01
9.201600000000004220e-02 1.897518276690147943e+01
9.457200000000004492e-02 2.106562801260048445e+01
9.712800000000004763e-02 2.331824379556778837e+01
9.968400000000003647e-02 2.574026950206822661e+01
1.022400000000000531e-01 2.833898551616303862e+01
1.047960000000000419e-01 3.112170320157627756e+01
1.073520000000000585e-01 3.409575481760256110e+01
1.099080000000000473e-01 3.726848338196366939e+01
1.124640000000000639e-01 4.064723249363997581e+01
1.150200000000000528e-01 4.423933612880389887e+01
1.175760000000000693e-01 4.805210842306718888e+01
1.201320000000000582e-01 5.209283345332041648e+01
1.226880000000000748e-01 5.636875503249193287e+01
1.252440000000000497e-01 6.088706653058400775e+01
1.278000000000000524e-01 6.565490073535556803e+01
1.303560000000000552e-01 7.067931976601357746e+01
1.329120000000000579e-01 7.596730505324873661e+01
1.354680000000000606e-01 8.152574739890403066e+01
1.380240000000000633e-01 8.736143712850001464e+01
1.405800000000000660e-01 9.348105434975255434e+01
1.431360000000000965e-01 9.989115933011402149e+01
1.456920000000000714e-01 1.065981830062412143e+02
1.482480000000000742e-01 1.136084176381462498e+02
1.508040000000000769e-01 1.209280076206187147e+02
1.533600000000000796e-01 1.285629404643200928e+02
1.559160000000000823e-01 1.365190379587413361e+02
1.584720000000000850e-01 1.448019475289870854e+02
1.610280000000000877e-01 1.534171337980998828e+02
1.635840000000000904e-01 1.623698703663690139e+02
1.661400000000000932e-01 1.716652318187793469e+02
1.686960000000000959e-01 1.813080859714480937e+02
1.712520000000000986e-01 1.913030863675684543e+02
1.738080000000001013e-01 2.016546650330344903e+02
1.763640000000000763e-01 2.123670255015558439e+02
1.789200000000001067e-01 2.234441361186891015e+02
1.814760000000001094e-01 2.348897236338129346e+02
1.840320000000001122e-01 2.467072670886580283e+02
1.865880000000000871e-01 2.588999920105700312e+02
1.891440000000001176e-01 2.714708649182366003e+02
1.917000000000001203e-01 2.844225881471467687e+02
1.942560000000001230e-01 2.977575950015758508e+02
1.968120000000000980e-01 3.114780452393977157e+02
1.993680000000001007e-01 3.255858208955283430e+02
2.019240000000001312e-01 3.400825224492876941e+02
2.044800000000001339e-01 3.549694653404479254e+02
2.070360000000001366e-01 3.702476768382024943e+02
2.095920000000001115e-01 3.859178932667474555e+02
2.121480000000001420e-01 4.019805575906233912e+02
2.147040000000001447e-01 4.184358173624075334e+02
2.172600000000001474e-01 4.352835230347899369e+02
2.198160000000001224e-01 4.525232266385018534e+02
2.223720000000001529e-01 4.701541808269990383e+02
2.249280000000001556e-01 4.881753382882369010e+02
2.274840000000001583e-01 5.065853515233010853e+02
2.300400000000001333e-01 5.253825729910952305e+02
2.325960000000001360e-01 5.445650556177170074e+02
2.351520000000001664e-01 5.641305536685911193e+02
2.377080000000001692e-01 5.840765239808722527e+02
2.402640000000001441e-01 6.044001275530719113e+02
2.428200000000001468e-01 6.250982314883199251e+02
2.453760000000001773e-01 6.461674112871311308e+02
2.479320000000001800e-01 6.676039534850134487e+02
2.504880000000001550e-01 6.894038586297386928e+02
2.530440000000001577e-01 7.115628445925798360e+02
2.556000000000001604e-01 7.340763502073278914e+02
2.581560000000001631e-01 7.569395392304097641e+02
2.607120000000001658e-01 7.801473046149635593e+02
2.632680000000002241e-01 8.036942730912655861e+02
2.658240000000001713e-01 8.275748100454696896e+02
2.683800000000001740e-01 8.517830246881920857e+02
2.709360000000001767e-01 8.763127755040700322e+02
2.734920000000001794e-01 9.011576759730380672e+02
2.760480000000001821e-01 9.263111005536956100e+02
2.786040000000001848e-01 9.517661909187919491e+02
2.811600000000001875e-01 9.775158624325304118e+02
2.837160000000001903e-01 1.003552810859082797e+03
2.862720000000002485e-01 1.029869519291427196e+03
2.888280000000001957e-01 1.056458265289354586e+03
2.913840000000001984e-01 1.083311128215251529e+03
2.939400000000002011e-01 1.110419996756056435e+03
2.964960000000002038e-01 1.137776576619581874e+03
2.990520000000002065e-01 1.165372398393237518e+03
3.016080000000002093e-01 1.193198825553036158e+03
3.041640000000002120e-01 1.221247062610643070e+03
3.067200000000002147e-01 1.249508163386134811e+03
3.092760000000002174e-01 1.277973039394057196e+03
3.118320000000002201e-01 1.306632468330318716e+03
3.143880000000002228e-01 1.335477102647435458e+03
3.169440000000002255e-01 1.364497478205633342e+03
3.195000000000002283e-01 1.393684022987338267e+03
3.220560000000002310e-01 1.423027065862627751e+03
3.246120000000002337e-01 1.452516845393276981e+03
3.271680000000002364e-01 1.482143518663126770e+03
3.297240000000001836e-01 1.511897170122608941e+03
3.322800000000002418e-01 1.541767820435389694e+03
3.348360000000002445e-01 1.571745435315248869e+03
3.373920000000002473e-01 1.601819934341482622e+03
3.399480000000002500e-01 1.631981199741304636e+03
3.425040000000002527e-01 1.662219085127929702e+03
3.450600000000002554e-01 1.692523424183260886e+03
3.476160000000002581e-01 1.722884039274327961e+03
3.501720000000002608e-01 1.753290749992902192e+03
3.527280000000002080e-01 1.783733381607975616e+03
3.552840000000002663e-01 1.814201773421099006e+03
3.578400000000002690e-01 1.844685787014855805e+03
3.603960000000002717e-01 1.875175314385093088e+03
3.629520000000002744e-01 1.905660285947838020e+03
3.655080000000002771e-01 1.936130678412181396e+03
3.680640000000002798e-01 1.966576522510757513e+03
3.706200000000002825e-01 1.996987910579812251e+03
3.731760000000002298e-01 2.027355003981216441e+03
3.757320000000002880e-01 2.057668040359158567e+03
3.782880000000002907e-01 2.087917340724638962e+03
3.808440000000002934e-01 2.118093316361265352e+03
3.834000000000002961e-01 2.148186475546250222e+03
3.859560000000002988e-01 2.178187430080906324e+03
3.885120000000003015e-01 2.208086901625331848e+03
3.910680000000003043e-01 2.237875727832372831e+03
3.936240000000002515e-01 2.267544868276371290e+03
3.961800000000002542e-01 2.297085410172578577e+03
3.987360000000003124e-01 2.326488573883547360e+03
4.012920000000003151e-01 2.355745718209182542e+03
4.038480000000003178e-01 2.384848345457556661e+03
4.064040000000003205e-01 2.413788106293963665e+03
4.089600000000003233e-01 2.442556804366090091e+03
4.115160000000003260e-01 2.471146400703566542e+03
4.140720000000002732e-01 2.499549017890525192e+03
4.166280000000002759e-01 2.527756944010180177e+03
4.191840000000002786e-01 2.555762636360811030e+03
4.217400000000003368e-01 2.583558724942866775e+03
4.242960000000003395e-01 2.611138015717291637e+03
4.268520000000003423e-01 2.638493493635492541e+03
4.294080000000003450e-01 2.665618325441704201e+03
4.319640000000003477e-01 2.692505862248834092e+03
4.345200000000003504e-01 2.719149641889197937e+03
4.370760000000002976e-01 2.745543391041823270e+03
4.396320000000003003e-01 2.771681027138335594e+03
4.421880000000003030e-01 2.797556660049681795e+03
4.447440000000003613e-01 2.823164593556259661e+03
4.473000000000003640e-01 2.848499326604230646e+03
4.498560000000003667e-01 2.873555554351095907e+03
4.524120000000003694e-01 2.898328169003801122e+03
4.549680000000003721e-01 2.922812260452894861e+03
4.575240000000003193e-01 2.947003116706460787e+03
4.600800000000003220e-01 2.970896224127741789e+03
4.626360000000003248e-01 2.994487267480572427e+03
4.651920000000003275e-01 3.017772129786902951e+03
4.677480000000003857e-01 3.040746892000853222e+03
4.703040000000003884e-01 3.063407832503910413e+03
4.728600000000003911e-01 3.085751426425989393e+03
4.754160000000003938e-01 3.107774344797234789e+03
4.779720000000003410e-01 3.129473453535521458e+03
4.805280000000003437e-01 3.150845812274755644e+03
4.830840000000003465e-01 3.171888673039122295e+03
4.856400000000003492e-01 3.192599478768550853e+03
4.881960000000003519e-01 3.212975861700695532e+03
4.907520000000004101e-01 3.233015641614825654e+03
4.933080000000004128e-01 3.252716823943028885e+03
4.958640000000004155e-01 3.272077597754198450e+03
4.984200000000004183e-01 3.291096333616277661e+03
5.009760000000004210e-01 3.309771581342268291e+03
5.035320000000004237e-01 3.328102067625497966e+03
5.060880000000004264e-01 3.346086693569664021e+03
5.086440000000004291e-01 3.363724532119126707e+03
5.112000000000003208e-01 3.381014825394927357e+03
5.137560000000003235e-01 3.397956981941978484e+03
5.163120000000002152e-01 3.414550573892818647e+03
5.188680000000001069e-01 3.430795334053288570e+03
5.214240000000001096e-01 3.446691152915451312e+03
5.239800000000000013e-01 3.462238075602978370e+03
5.265360000000000040e-01 3.477436298754205836e+03
5.290920000000000067e-01 3.492286167347955143e+03
5.316480000000000095e-01 3.506788171477158812e+03
5.342039999999999011e-01 3.520942943075237963e+03
5.367599999999997928e-01 3.534751252600089174e+03
5.393159999999997956e-01 3.548214005680452829e+03
5.418719999999996872e-01 3.561332239729330922e+03
5.444279999999996900e-01 3.574107120529025906e+03
5.469839999999995817e-01 3.586539938792256635e+03
5.495399999999995844e-01 3.598632106703719728e+03
5.520959999999994761e-01 3.610385154446320939e+03
5.546519999999994788e-01 3.621800726716223380e+03
5.572079999999993705e-01 3.632880579230711646e+03
5.597639999999992622e-01 3.643626575232769937e+03
5.623199999999992649e-01 3.654040681996142666e+03
5.648759999999991566e-01 3.664124967334528719e+03
5.674319999999991593e-01 3.673881596118431844e+03
5.699879999999990510e-01 3.683312826803072767e+03
5.725439999999990537e-01 3.692421007970627670e+03
5.750999999999989454e-01 3.701208574889957163e+03
5.776559999999989481e-01 3.709678046096831167e+03
5.802119999999988398e-01 3.717832019997557381e+03
5.827679999999987315e-01 3.725673171498787269e+03
5.853239999999987342e-01 3.733204248666126659e+03
5.878799999999986259e-01 3.740428069414093898e+03
5.904359999999986286e-01 3.747347518229805701e+03
5.929919999999985203e-01 3.753965542932665358e+03
5.955479999999986340e-01 3.760285151472215148e+03
5.981039999999985257e-01 3.766309408766174784e+03
6.006599999999985284e-01 3.772041433580574449e+03
6.032159999999984201e-01 3.777484395453793695e+03
6.057719999999983118e-01 3.782641511666160568e+03
6.083279999999983145e-01 3.787516044256703935e+03
6.108839999999982062e-01 3.792111297088494666e+03
6.134399999999982089e-01 3.796430612963923522e+03
6.159959999999981006e-01 3.800477370791165413e+03
6.185519999999981033e-01 3.804254982802944596e+03
6.211079999999979950e-01 3.807766891828651751e+03
6.236639999999979977e-01 3.811016568620727412e+03
6.262199999999978894e-01 3.814007509236151691e+03
6.287759999999977811e-01 3.816743232473789703e+03
6.313319999999977838e-01 3.819227277368215709e+03
6.338879999999976755e-01 3.821463200740602588e+03
6.364439999999976783e-01 3.823454574807121389e+03
6.389999999999975699e-01 3.825204984845257968e+03
6.415559999999975727e-01 3.826718026918342730e+03
6.441119999999974644e-01 3.827997305658519963e+03
6.466679999999974671e-01 3.829046432108320914e+03
6.492239999999973588e-01 3.829869021620901094e+03
6.517799999999972504e-01 3.830468691818972729e+03
6.543359999999972532e-01 3.830849060612353696e+03
6.568919999999971449e-01 3.831013744274034252e+03
6.594479999999972586e-01 3.830966355574551471e+03
6.620039999999971503e-01 3.830710501974453109e+03
6.645599999999971530e-01 3.830249783874537115e+03
6.671159999999970447e-01 3.829587792923523466e+03
6.696719999999970474e-01 3.828728110382742670e+03
6.722279999999969391e-01 3.827674305547410768e+03
6.747839999999968308e-01 3.826429934223970577e+03
6.773399999999968335e-01 3.824998537262977152e+03
6.798959999999967252e-01 3.823383639146932637e+03
6.824519999999967279e-01 3.821588746632467519e+03
6.850079999999966196e-01 3.819617347446194799e+03
6.875639999999966223e-01 3.817472909033562701e+03
6.901199999999965140e-01 3.815158877359981034e+03
6.926759999999965167e-01 3.812678675763469528e+03
6.952319999999964084e-01 3.810035703858063243e+03
6.977879999999963001e-01 3.807233336487157430e+03
7.003439999999963028e-01 3.804274922725984197e+03
7.028999999999961945e-01 3.801163784932374710e+03
7.054559999999961972e-01 3.797903217844927894e+03
7.080119999999960889e-01 3.794496487727739350e+03
7.105679999999960916e-01 3.790946831560755527e+03
7.131239999999959833e-01 3.787257456274881406e+03
7.156799999999959860e-01 3.783431538030900356e+03
7.182359999999958777e-01 3.779472221541278032e+03
7.207919999999957694e-01 3.775382619433930813e+03
7.233479999999958832e-01 3.771165811656984715e+03
7.259039999999957748e-01 3.766824844923605724e+03
7.284599999999957776e-01 3.762362732195919762e+03
7.310159999999956693e-01 3.757782452207085953e+03
7.335719999999956720e-01 3.753086949020554130e+03
7.361279999999955637e-01 3.748279131625549780e+03
7.386839999999955664e-01 3.743361873567829662e+03
7.412399999999954581e-01 3.738338012614755371e+03
7.437959999999953498e-01 3.733210350453727642e+03
7.463519999999953525e-01 3.727981652423035939e+03
7.489079999999952442e-01 3.722654647274180206e+03
7.514639999999952469e-01 3.717232026964725264e+03
7.540199999999951386e-01 3.711716446480766081e+03
7.565759999999951413e-01 3.706110523688066223e+03
7.591319999999950330e-01 3.700416839210971375e+03
7.616879999999950357e-01 3.694637936338181134e+03
7.642439999999949274e-01 3.688776320954491894e+03
7.667999999999949301e-01 3.682834461497619941e+03
7.693559999999948218e-01 3.676814788939233495e+03
7.719119999999947135e-01 3.670719696789336467e+03
7.744679999999947162e-01 3.664551541123137213e+03
7.770239999999946079e-01 3.658312640629590533e+03
7.795799999999946106e-01 3.652005276680758016e+03
7.821359999999945023e-01 3.645631693421203181e+03
7.846919999999945050e-01 3.639194097876597425e+03
7.872479999999943967e-01 3.632694660080775520e+03
7.898039999999945104e-01 3.626135513220450775e+03
7.923599999999944021e-01 3.619518753796853161e+03
7.949159999999942938e-01 3.612846441803526886e+03
7.974719999999942965e-01 3.606120600919586650e+03
8.000279999999941882e-01 3.599343218717696345e+03
8.025839999999941909e-01 3.592516246886091722e+03
8.051399999999940826e-01 3.585641601463959887e+03
8.076959999999940853e-01 3.578721163089508991e+03
8.102519999999939770e-01 3.571756777260075069e+03
8.128079999999939798e-01 3.564750254603642134e+03
8.153639999999938714e-01 3.557703371161137966e+03
8.179199999999937631e-01 3.550617868678918512e+03
8.204759999999937659e-01 3.543495454910845183e+03
8.230319999999936575e-01 3.536337803929372058e+03
8.255879999999936603e-01 3.529146556445104579e+03
8.281439999999935520e-01 3.521923320134269943e+03
8.306999999999935547e-01 3.514669669973573491e+03
8.332559999999934464e-01 3.507387148581933161e+03
8.358119999999934491e-01 3.500077266568595860e+03
8.383679999999933408e-01 3.492741502887136903e+03
8.409239999999932325e-01 3.485381305194893230e+03
8.434799999999932352e-01 3.477998090217360186e+03
8.460359999999931269e-01 3.470593244117117138e+03
8.485919999999931296e-01 3.463168122866862177e+03
8.511479999999930213e-01 3.455724052626128469e+03
8.537039999999931350e-01 3.448262330121296600e+03
8.562599999999930267e-01 3.440784223028510041e+03
8.588159999999930294e-01 3.433290970359126277e+03
8.613719999999929211e-01 3.425783782847341172e+03
8.639279999999928128e-01 3.418263843339642790e+03
8.664839999999928155e-01 3.410732307185759510e+03
8.690399999999927072e-01 3.403190302630778660e+03
8.715959999999927099e-01 3.395638931208138274e+03
8.741519999999926016e-01 3.388079268133175901e+03
8.767079999999926043e-01 3.380512362696968466e+03
8.792639999999924960e-01 3.372939238660178944e+03
8.818199999999924987e-01 3.365360894646644283e+03
8.843759999999923904e-01 3.357778304536462656e+03
8.869319999999922821e-01 3.350192417858334466e+03
8.894879999999922848e-01 3.342604160180922008e+03
8.920439999999921765e-01 3.335014433503018608e+03
8.945999999999921792e-01 3.327424116642307581e+03
8.971559999999920709e-01 3.319834065622507296e+03
8.997119999999920736e-01 3.312245114058735453e+03
9.022679999999919653e-01 3.304658073540875193e+03
9.048239999999919680e-01 3.297073734014799811e+03
9.073799999999918597e-01 3.289492864161278249e+03
9.099359999999917514e-01 3.281916211772412680e+03
9.124919999999917541e-01 3.274344504125455387e+03
9.150479999999916458e-01 3.266778448353873955e+03
9.176039999999917596e-01 3.259218731815521551e+03
9.201599999999916513e-01 3.251666022457807685e+03
9.227159999999916540e-01 3.244120969179735766e+03
9.252719999999915457e-01 3.236584202190709220e+03
9.278279999999915484e-01 3.229056333366001581e+03
9.303839999999914401e-01 3.221537956598799610e+03
9.329399999999913318e-01 3.214029648148718479e+03
9.354959999999913345e-01 3.206531966986728094e+03
9.380519999999912262e-01 3.199045455136391865e+03
9.406079999999912289e-01 3.191570638011371102e+03
9.431639999999911206e-01 3.184108024749107244e+03
9.457199999999911233e-01 3.176658108540643752e+03
9.482759999999910150e-01 3.169221366956519887e+03
9.508319999999910177e-01 3.161798262268699546e+03
9.533879999999909094e-01 3.154389241768480133e+03
9.559439999999908011e-01 3.146994738080354182e+03
9.584999999999908038e-01 3.139615169471783247e+03
9.610559999999906955e-01 3.132250940158856338e+03
9.636119999999906982e-01 3.124902440607807421e+03
9.661679999999905899e-01 3.117570047832372893e+03
9.687239999999905926e-01 3.110254125686964926e+03
9.712799999999904843e-01 3.102955025155660223e+03
9.738359999999904870e-01 3.095673084636980548e+03
9.763919999999903787e-01 3.088408630224466378e+03
9.789479999999902704e-01 3.081161975983038246e+03
9.815039999999903841e-01 3.073933424221147561e+03
9.840599999999902758e-01 3.066723265758716934e+03
9.866159999999902785e-01 3.059531780190879090e+03
9.891719999999901702e-01 3.052359236147520278e+03
9.917279999999901730e-01 3.045205891548645013e+03
9.942839999999900646e-01 3.038071993855562141e+03
9.968399999999900674e-01 3.030957780317932247e+03
9.993959999999899591e-01 3.023863478216665044e+03
1.001951999999989740e+00 3.016789305102714025e+03
1.004507999999989742e+00 3.009735469031775665e+03
1.007063999999989745e+00 3.002702168794919544e+03
1.009619999999989748e+00 2.995689594145183491e+03
1.012175999999989529e+00 2.988697926020148316e+03
1.014731999999989753e+00 2.981727336760532580e+03
1.017287999999989534e+00 2.974777990324841085e+03
1.019843999999989537e+00 2.967850042500080235e+03
1.022399999999989539e+00 2.960943641108600332e+03
1.024955999999989542e+00 2.954058926211082053e+03
1.027511999999989545e+00 2.947196030305702607e+03
1.030067999999989325e+00 2.940355078523535212e+03
1.032623999999989328e+00 2.933536188820201460e+03
1.035179999999989331e+00 2.926739472163824757e+03
1.037735999999989334e+00 2.919965032719325791e+03
1.040291999999989336e+00 2.913212968029098192e+03
1.042847999999989117e+00 2.906483369190107169e+03
1.045403999999989120e+00 2.899776321027448375e+03
1.047959999999989122e+00 2.893091902264421606e+03
1.050515999999988903e+00 2.886430185689148402e+03
1.053071999999988906e+00 2.879791238317787247e+03
1.055627999999988909e+00 2.873175121554384532e+03
1.058183999999988911e+00 2.866581891347414057e+03
1.060739999999988692e+00 2.860011598343039168e+03
1.063295999999988695e+00 2.853464288035149366e+03
1.065851999999988697e+00 2.846940000912214146e+03
1.068407999999988700e+00 2.840438772601007713e+03
1.070963999999988481e+00 2.833960634007230055e+03
1.073519999999988483e+00 2.827505611453095298e+03
1.076075999999988486e+00 2.821073726811917368e+03
1.078631999999988267e+00 2.814664997639736612e+03
1.081187999999988270e+00 2.808279437304048315e+03
1.083743999999988272e+00 2.801917055109660851e+03
1.086299999999988275e+00 2.795577856421744400e+03
1.088855999999988056e+00 2.789261842786105717e+03
1.091411999999988058e+00 2.782969012046734861e+03
1.093967999999988061e+00 2.776699358460677104e+03
1.096523999999987842e+00 2.770452872810267309e+03
1.099079999999987844e+00 2.764229542512771332e+03
1.101635999999987847e+00 2.758029351727484936e+03
1.104191999999987850e+00 2.751852281460327504e+03
1.106747999999987631e+00 2.745698309665984652e+03
1.109303999999987633e+00 2.739567411347622965e+03
1.111859999999987636e+00 2.733459558654252305e+03
1.114415999999987639e+00 2.727374720975741639e+03
1.116971999999987419e+00 2.721312865035563846e+03
1.119527999999987422e+00 2.715273954981288171e+03
1.122083999999987425e+00 2.709257952472873967e+03
1.124639999999987205e+00 2.703264816768808032e+03
1.127195999999987208e+00 2.697294504810117360e+03
1.129751999999987211e+00 2.691346971302304155e+03
1.132307999999987214e+00 2.685422168795248126e+03
1.134863999999986994e+00 2.679520047761102433e+03
1.137419999999986997e+00 2.673640556670237402e+03
1.139975999999987222e+00 2.667783642065257027e+03
1.142531999999986780e+00 2.661949248633139177e+03
1.145087999999987005e+00 2.656137319275525897e+03
1.147643999999987008e+00 2.650347795177210628e+03
1.150199999999987011e+00 2.644580615872855560e+03
1.152755999999986791e+00 2.638835719311969569e+03
1.155311999999986794e+00 2.633113041922195407e+03
1.157867999999986797e+00 2.627412518670930240e+03
1.160423999999986799e+00 2.621734083125316374e+03
1.162979999999986580e+00 2.616077667510645369e+03
1.165535999999986583e+00 2.610443202767197363e+03
1.168091999999986585e+00 2.604830618605556083e+03
1.170647999999986366e+00 2.599239843560430018e+03
1.173203999999986369e+00 2.593670805043013388e+03
1.175759999999986372e+00 2.588123429391919217e+03
1.178315999999986374e+00 2.582597641922712683e+03
1.180871999999986155e+00 2.577093366976079778e+03
1.183427999999986158e+00 2.571610527964659013e+03
1.185983999999986160e+00 2.566149047418565260e+03
1.188539999999985941e+00 2.560708847029639855e+03
1.191095999999985944e+00 2.555289847694448326e+03
1.193651999999985946e+00 2.549891969556062122e+03
1.196207999999985949e+00 2.544515132044645270e+03
1.198763999999985730e+00 2.539159253916879607e+03
1.201319999999985733e+00 2.533824253294249502e+03
1.203875999999985735e+00 2.528510047700217001e+03
1.206431999999985738e+00 2.523216554096309665e+03
1.208987999999985519e+00 2.517943688917154304e+03
1.211543999999985521e+00 2.512691368104467983e+03
1.214099999999985524e+00 2.507459507140044479e+03
1.216655999999985305e+00 2.502248021077753037e+03
1.219211999999985307e+00 2.497056824574574875e+03
1.221767999999985310e+00 2.491885831920698820e+03
1.224323999999985313e+00 2.486734957068703807e+03
1.226879999999985094e+00 2.481604113661842803e+03
1.229435999999985096e+00 2.476493215061458159e+03
1.231991999999985099e+00 2.471402174373543403e+03
1.234547999999984880e+00 2.466330904474478302e+03
1.237103999999984882e+00 2.461279318035949018e+03
1.239659999999984885e+00 2.456247327549084730e+03
1.242215999999984888e+00 2.451234845347823466e+03
1.244771999999984669e+00 2.446241783631522594e+03
1.247327999999984671e+00 2.441268054486847177e+03
1.249883999999984674e+00 2.436313569908938007e+03
1.252439999999984677e+00 2.431378241821890242e+03
1.254995999999984457e+00 2.426461982098551289e+03
1.257551999999984460e+00 2.421564702579662480e+03
1.260107999999984463e+00 2.416686315092359564e+03
1.262663999999984243e+00 2.411826731468043818e+03
1.265219999999984246e+00 2.406985863559645622e+03
1.267775999999984249e+00 2.402163623258295956e+03
1.270331999999984474e+00 2.397359922509420812e+03
1.272887999999984254e+00 2.392574673328269910e+03
1.275443999999984257e+00 2.387807787814901076e+03
1.277999999999984260e+00 2.383059178168632116e+03
1.280555999999984262e+00 2.378328756701970178e+03
1.283111999999984043e+00 2.373616435854042265e+03
1.285667999999984046e+00 2.368922128203529610e+03
1.288223999999984049e+00 2.364245746481127753e+03
1.290779999999983829e+00 2.359587203581541871e+03
1.293335999999983832e+00 2.354946412575028717e+03
1.295891999999983835e+00 2.350323286718497911e+03
1.298447999999983837e+00 2.345717739466191233e+03
1.301003999999983618e+00 2.341129684479941716e+03
1.303559999999983621e+00 2.336559035639028934e+03
1.306115999999983623e+00 2.332005707049647299e+03
1.308671999999983404e+00 2.327469613053985086e+03
1.311227999999983407e+00 2.322950668238936942e+03
1.313783999999983410e+00 2.318448787444458503e+03
1.316339999999983412e+00 2.313963885771566311e+03
1.318895999999983193e+00 2.309495878590000302e+03
1.321451999999983196e+00 2.305044681545555704e+03
1.324007999999983198e+00 2.300610210567097056e+03
1.326563999999983201e+00 2.296192381873255727e+03
1.329119999999982982e+00 2.291791111978829576e+03
1.331675999999982984e+00 2.287406317700889304e+03
1.334231999999982987e+00 2.283037916164596027e+03
1.336787999999982768e+00 2.278685824808747384e+03
1.339343999999982771e+00 2.274349961391053967e+03
1.341899999999982773e+00 2.270030243993155636e+03
1.344455999999982776e+00 2.265726591025384550e+03
1.347011999999982557e+00 2.261438921231285804e+03
1.349567999999982559e+00 2.257167153691899784e+03
1.352123999999982562e+00 2.252911207829814430e+03
1.354679999999982343e+00 2.248671003412996924e+03
1.357235999999982345e+00 2.244446460558402578e+03
1.359791999999982348e+00 2.240237499735385427e+03
1.362347999999982351e+00 2.236044041768896477e+03
1.364903999999982132e+00 2.231866007842488671e+03
1.367459999999982134e+00 2.227703319501134501e+03
1.370015999999982137e+00 2.223555898653854456e+03
1.372571999999982140e+00 2.219423667576169464e+03
1.375127999999981920e+00 2.215306548912383732e+03
1.377683999999981923e+00 2.211204465677694316e+03
1.380239999999981926e+00 2.207117341260142439e+03
1.382795999999981706e+00 2.203045099422410203e+03
1.385351999999981709e+00 2.198987664303461770e+03
1.387907999999981712e+00 2.194944960420041753e+03
1.390463999999981715e+00 2.190916912668029909e+03
1.393019999999981495e+00 2.186903446323659409e+03
1.395575999999981498e+00 2.182904487044605503e+03
1.398131999999981501e+00 2.178919960870941850e+03
1.400687999999981281e+00 2.174949794225979531e+03
1.403243999999981506e+00 2.170993913916978727e+03
1.405799999999981509e+00 2.167052247135755806e+03
1.408355999999981512e+00 2.163124721459168995e+03
1.410911999999981292e+00 2.159211264849504460e+03
1.413467999999981295e+00 2.155311805654755062e+03
1.416023999999981298e+00 2.151426272608802719e+03
1.418579999999981300e+00 2.147554594831499344e+03
1.421135999999981081e+00 2.143696701828659116e+03
1.423691999999981084e+00 2.139852523491965258e+03
1.426247999999981086e+00 2.136021990098779952e+03
1.428803999999980867e+00 2.132205032311880132e+03
1.431359999999980870e+00 2.128401581179113691e+03
1.433915999999980873e+00 2.124611568132972934e+03
1.436471999999980875e+00 2.120834924990099353e+03
1.439027999999980656e+00 2.117071583950714739e+03
1.441583999999980659e+00 2.113321477597986814e+03
1.444139999999980661e+00 2.109584538897324819e+03
1.446695999999980442e+00 2.105860701195618276e+03
1.449251999999980445e+00 2.102149898220407522e+03
1.451807999999980447e+00 2.098452064079003776e+03
1.454363999999980450e+00 2.094767133257548267e+03
1.456919999999980231e+00 2.091095040620022246e+03
1.459475999999980234e+00 2.087435721407199253e+03
1.462031999999980236e+00 2.083789111235556447e+03
1.464587999999980239e+00 2.080155146096132739e+03
1.467143999999980020e+00 2.076533762353346447e+03
1.469699999999980022e+00 2.072924896743765657e+03
1.472255999999980025e+00 2.069328486374841304e+03
1.474811999999979806e+00 2.065744468723600676e+03
1.477367999999979808e+00 2.062172781635299543e+03
1.479923999999979811e+00 2.058613363322046098e+03
1.482479999999979814e+00 2.055066152361381228e+03
1.485035999999979595e+00 2.051531087694836515e+03
1.487591999999979597e+00 2.048008108626454487e+03
1.490147999999979600e+00 2.044497154821283175e+03
1.492703999999979381e+00 2.040998166303839753e+03
1.495259999999979383e+00 2.037511083456553024e+03
1.497815999999979386e+00 2.034035847018174309e+03
1.500371999999979389e+00 2.030572398082172413e+03
1.502927999999979169e+00 2.027120678095098583e+03
1.505483999999979172e+00 2.023680628854936685e+03
1.508039999999979175e+00 2.020252192509430643e+03
1.510595999999979178e+00 2.016835311554393002e+03
1.513151999999978958e+00 2.013429928831998723e+03
1.515707999999978961e+00 2.010035987529058502e+03
1.518263999999978964e+00 2.006653431175281639e+03
1.520819999999978744e+00 2.003282203641519573e+03
1.523375999999978747e+00 1.999922249138000780e+03
1.525931999999978750e+00 1.996573512212550895e+03
1.528487999999978975e+00 1.993235937748801234e+03
1.531043999999978755e+00 1.989909470964387992e+03
1.533599999999978758e+00 1.986594057409141897e+03
1.536155999999978761e+00 1.983289642963268761e+03
1.538711999999978541e+00 1.979996173835520722e+03
1.541267999999978544e+00 1.976713596561363602e+03
1.543823999999978547e+00 1.973441858001133369e+03
1.546379999999978549e+00 1.970180905338192588e+03
1.548935999999978330e+00 1.966930686077076189e+03
1.551491999999978333e+00 1.963691148041635415e+03
1.554047999999978336e+00 1.960462239373181092e+03
1.556603999999978338e+00 1.957243908528617112e+03
1.559159999999978119e+00 1.954036104278578478e+03
1.561715999999978122e+00 1.950838775705562057e+03
1.564271999999978124e+00 1.947651872202060304e+03
1.566827999999977905e+00 1.944475343468691108e+03
1.569383999999977908e+00 1.941309139512329466e+03
1.571939999999977911e+00 1.938153210644237333e+03
1.574495999999977913e+00 1.935007507478197113e+03
1.577051999999977694e+00 1.931871980928643552e+03
1.579607999999977697e+00 1.928746582208799509e+03
1.582163999999977699e+00 1.925631262828811941e+03
1.584719999999977702e+00 1.922525974593891988e+03
1.587275999999977483e+00 1.919430669602456419e+03
1.589831999999977485e+00 1.916345300244274313e+03
1.592387999999977488e+00 1.913269819198615551e+03
1.594943999999977269e+00 1.910204179432404089e+03
1.597499999999977272e+00 1.907148334198375551e+03
1.600055999999977274e+00 1.904102237033239135e+03
1.602611999999977277e+00 1.901065841755844531e+03
1.605167999999977058e+00 1.898039102465355427e+03
1.607723999999977060e+00 1.895021973539425744e+03
1.610279999999977063e+00 1.892014409632383831e+03
1.612835999999976844e+00 1.889016365673422342e+03
1.615391999999976846e+00 1.886027796864794254e+03
1.617947999999976849e+00 1.883048658680013432e+03
1.620503999999976852e+00 1.880078906862067015e+03
1.623059999999976633e+00 1.877118497421628945e+03
1.625615999999976635e+00 1.874167386635283265e+03
1.628171999999976638e+00 1.871225531043755609e+03
1.630727999999976641e+00 1.868292887450150602e+03
1.633283999999976421e+00 1.865369412918198350e+03
1.635839999999976424e+00 1.862455064770506397e+03
1.638395999999976427e+00 1.859549800586823267e+03
1.640951999999976207e+00 1.856653578202306335e+03
1.643507999999976210e+00 1.853766355705800379e+03
1.646063999999976213e+00 1.850888091438123865e+03
1.648619999999976216e+00 1.848018743990365010e+03
1.651175999999975996e+00 1.845158272202183070e+03
1.653731999999975999e+00 1.842306635160122369e+03
1.656287999999976002e+00 1.839463792195933138e+03
1.658843999999975782e+00 1.836629702884900780e+03
1.661399999999976007e+00 1.833804327044186039e+03
1.663955999999976010e+00 1.830987624731172446e+03
1.666511999999976013e+00 1.828179556241824230e+03
1.669067999999975793e+00 1.825380082109052637e+03
1.671623999999975796e+00 1.822589163101092481e+03
1.674179999999975799e+00 1.819806760219887792e+03
1.676735999999975801e+00 1.817032834699484738e+03
1.679291999999975582e+00 1.814267348004439100e+03
1.681847999999975585e+00 1.811510261828227840e+03
1.684403999999975587e+00 1.808761538091673629e+03
1.686959999999975368e+00 1.806021138941377558e+03
1.689515999999975371e+00 1.803289026748162314e+03
1.692071999999975374e+00 1.800565164105524673e+03
1.694627999999975376e+00 1.797849513828097543e+03
1.697183999999975157e+00 1.795142038950121560e+03
1.699739999999975160e+00 1.792442702723926914e+03
1.702295999999975162e+00 1.789751468618426088e+03
1.704851999999974943e+00 1.787068300317612511e+03
1.707407999999974946e+00 1.784393161719073987e+03
1.709963999999974948e+00 1.781726016932511584e+03
1.712519999999974951e+00 1.779066830278271482e+03
1.715075999999974732e+00 1.776415566285885006e+03
1.717631999999974735e+00 1.773772189692618213e+03
1.720187999999974737e+00 1.771136665442031472e+03
1.722743999999974740e+00 1.768508958682550428e+03
1.725299999999974521e+00 1.765889034766044233e+03
1.727855999999974523e+00 1.763276859246414688e+03
1.730411999999974526e+00 1.760672397878196307e+03
1.732967999999974307e+00 1.758075616615161834e+03
1.735523999999974309e+00 1.755486481608944359e+03
1.738079999999974312e+00 1.752904959207661477e+03
1.740635999999974315e+00 1.750331015954555824e+03
1.743191999999974096e+00 1.747764618586639017e+03
1.745747999999974098e+00 1.745205734033350836e+03
1.748303999999974101e+00 1.742654329415224083e+03
1.750859999999973882e+00 1.740110372042559675e+03
1.753415999999973884e+00 1.737573829414113334e+03
1.755971999999973887e+00 1.735044669215789099e+03
1.758527999999973890e+00 1.732522859319343070e+03
1.761083999999973670e+00 1.730008367781096922e+03
1.763639999999973673e+00 1.727501162840660982e+03
1.766195999999973676e+00 1.725001212919665932e+03
1.768751999999973679e+00 1.722508486620503390e+03
1.771307999999973459e+00 1.720022952725076721e+03
1.773863999999973462e+00 1.717544580193560478e+03
1.776419999999973465e+00 1.715073338163168955e+03
1.778975999999973245e+00 1.712609195946933824e+03
1.781531999999973248e+00 1.710152123032491318e+03
1.784087999999973251e+00 1.707702089080877158e+03
1.786643999999973476e+00 1.705259063925332384e+03
1.789199999999973256e+00 1.702823017570114644e+03
1.791755999999973259e+00 1.700393920189322671e+03
1.794311999999973262e+00 1.697971742125727360e+03
1.796867999999973042e+00 1.695556453889609656e+03
1.799423999999973045e+00 1.693148026157611866e+03
1.801979999999973048e+00 1.690746429771592375e+03
1.804535999999973050e+00 1.688351635737491961e+03
1.807091999999972831e+00 1.685963615224210116e+03
1.809647999999972834e+00 1.683582339562485231e+03
1.812203999999972837e+00 1.681207780243787283e+03
1.814759999999972839e+00 1.678839908919216214e+03
1.817315999999972620e+00 1.676478697398412351e+03
1.819871999999972623e+00 1.674124117648469337e+03
1.822427999999972625e+00 1.671776141792861154e+03
1.824983999999972406e+00 1.669434742110372554e+03
1.827539999999972409e+00 1.667099891034042685e+03
1.830095999999972411e+00 1.664771561150110074e+03
1.832651999999972414e+00 1.662449725196972395e+03
1.835207999999972195e+00 1.660134356064150097e+03
1.837763999999972198e+00 1.657825426791257996e+03
1.840319999999972200e+00 1.655522910566988003e+03
1.842875999999971981e+00 1.653226780728095491e+03
1.845431999999971984e+00 1.650937010758395672e+03
1.847987999999971986e+00 1.648653574287767469e+03
1.850543999999971989e+00 1.646376445091164214e+03
1.853099999999971770e+00 1.644105597087632987e+03
1.855655999999971772e+00 1.641841004339341225e+03
1.858211999999971775e+00 1.639582641050610164e+03
1.860767999999971778e+00 1.637330481566955314e+03
1.863323999999971559e+00 1.635084500374135814e+03
1.865879999999971561e+00 1.632844672097209923e+03
1.868435999999971564e+00 1.630610971499598691e+03
1.870991999999971345e+00 1.628383373482156003e+03
1.873547999999971347e+00 1.626161853082245216e+03
1.876103999999971350e+00 1.623946385472823977e+03
1.878659999999971353e+00 1.621736945961536776e+03
1.881215999999971134e+00 1.619533509989811819e+03
1.883771999999971136e+00 1.617336053131967219e+03
1.886327999999971139e+00 1.615144551094324470e+03
1.888883999999971142e+00 1.612958979714324641e+03
1.891439999999970922e+00 1.610779314959656858e+03
1.893995999999970925e+00 1.608605532927389959e+03
1.896551999999970928e+00 1.606437609843111659e+03
1.899107999999970708e+00 1.604275522060073627e+03
1.901663999999970711e+00 1.602119246058345425e+03
1.904219999999970714e+00 1.599968758443972774e+03
1.906775999999970717e+00 1.597824035948141955e+03
1.909331999999970497e+00 1.595685055426353074e+03
1.911887999999970500e+00 1.593551793857596977e+03
1.914443999999970503e+00 1.591424228343540108e+03
1.916999999999970283e+00 1.589302336107715519e+03
1.919555999999970508e+00 1.587186094494718873e+03
1.922111999999970511e+00 1.585075480969412183e+03
1.924667999999970514e+00 1.582970473116132098e+03
1.927223999999970294e+00 1.580871048637906142e+03
1.929779999999970297e+00 1.578777185355672827e+03
1.932335999999970300e+00 1.576688861207509945e+03
1.934891999999970302e+00 1.574606054247866496e+03
1.937447999999970083e+00 1.572528742646801675e+03
1.940003999999970086e+00 1.570456904689229987e+03
1.942559999999970088e+00 1.568390518774171824e+03
1.945115999999969869e+00 1.566329563414009726e+03
1.947671999999969872e+00 1.564274017233748964e+03
1.950227999999969875e+00 1.562223858970285846e+03
1.952783999999969877e+00 1.560179067471682174e+03
1.955339999999969658e+00 1.558139621696441509e+03
1.957895999999969661e+00 1.556105500712794537e+03
1.960451999999969663e+00 1.554076683697988074e+03
1.963007999999969444e+00 1.552053149937580201e+03
1.965563999999969447e+00 1.550034878824741099e+03
1.968119999999969449e+00 1.548021849859557051e+03
1.970675999999969452e+00 1.546014042648343548e+03
1.973231999999969233e+00 1.544011436902959076e+03
1.975787999999969236e+00 1.542014012440127999e+03
1.978343999999969238e+00 1.540021749180766392e+03
1.980899999999969241e+00 1.538034627149312882e+03
1.983455999999969022e+00 1.536052626473066766e+03
1.986011999999969024e+00 1.534075727381527486e+03
1.988567999999969027e+00 1.532103910205742977e+03
1.991123999999968808e+00 1.530137155377659838e+03
1.993679999999968810e+00 1.528175443429480765e+03
1.996235999999968813e+00 1.526218754993024504e+03
1.998791999999968816e+00 1.524267070799092835e+03
2.001347999999968597e+00 1.522320371676841432e+03
2.003903999999968821e+00 1.520378638553153223e+03
2.006459999999968602e+00 1.518441852452021976e+03
2.009015999999968383e+00 1.516509994493934073e+03
2.011571999999968607e+00 1.514583045895260057e+03
2.014127999999968388e+00 1.512660987967646406e+03
2.016683999999968613e+00 1.510743802117417317e+03
2.019239999999968393e+00 1.508831469844973753e+03
2.021795999999968174e+00 1.506923972744203411e+03
2.024351999999968399e+00 1.505021292501893413e+03
2.026907999999968180e+00 1.503123410897143685e+03
2.029463999999967960e+00 1.501230309800789428e+03
2.032019999999968185e+00 1.499341971174826313e+03
2.034575999999967966e+00 1.497458377071838868e+03
2.037131999999967746e+00 1.495579509634434544e+03
2.039687999999967971e+00 1.493705351094680054e+03
2.042243999999967752e+00 1.491835883773544992e+03
2.044799999999967977e+00 1.489971090080346585e+03
2.047355999999967757e+00 1.488110952512200356e+03
2.049911999999967538e+00 1.486255453653473751e+03
2.052467999999967763e+00 1.484404576175244301e+03
2.055023999999967543e+00 1.482558302834762344e+03
2.057579999999967324e+00 1.480716616474916918e+03
2.060135999999967549e+00 1.478879500023704850e+03
2.062691999999967329e+00 1.477046936493705971e+03
2.065247999999967110e+00 1.475218908981561071e+03
2.067803999999967335e+00 1.473395400667450758e+03
2.070359999999967116e+00 1.471576394814586138e+03
2.072915999999967340e+00 1.469761874768691996e+03
2.075471999999967121e+00 1.467951823957504303e+03
2.078027999999966902e+00 1.466146225890264759e+03
2.080583999999967126e+00 1.464345064157221714e+03
2.083139999999966907e+00 1.462548322429133805e+03
2.085695999999967132e+00 1.460755984456778378e+03
2.088251999999966912e+00 1.458968034070460590e+03
2.090807999999966693e+00 1.457184455179531369e+03
2.093363999999966918e+00 1.455405231771903118e+03
2.095919999999966699e+00 1.453630347913571995e+03
2.098475999999966479e+00 1.451859787748143845e+03
2.101031999999966704e+00 1.450093535496363074e+03
2.103587999999966485e+00 1.448331575455642906e+03
2.106143999999966265e+00 1.446573891999602665e+03
2.108699999999966490e+00 1.444820469577606218e+03
2.111255999999966271e+00 1.443071292714303354e+03
2.113811999999966496e+00 1.441326346009176859e+03
2.116367999999966276e+00 1.439585614136088907e+03
2.118923999999966057e+00 1.437849081842834948e+03
2.121479999999966282e+00 1.436116733950698745e+03
2.124035999999966062e+00 1.434388555354009668e+03
2.126591999999965843e+00 1.432664531019704327e+03
2.129147999999966068e+00 1.430944645986893420e+03
2.131703999999965848e+00 1.429228885366426312e+03
2.134259999999965629e+00 1.427517234340464711e+03
2.136815999999965854e+00 1.425809678162054524e+03
2.139371999999965634e+00 1.424106202154704533e+03
2.141927999999965859e+00 1.422406791711965070e+03
2.144483999999965640e+00 1.420711432297012379e+03
2.147039999999965421e+00 1.419020109442233206e+03
2.149595999999965645e+00 1.417332808748814614e+03
2.152151999999965426e+00 1.415649515886334939e+03
2.154707999999965207e+00 1.413970216592360430e+03
2.157263999999965431e+00 1.412294896672040068e+03
2.159819999999965212e+00 1.410623541997708571e+03
2.162375999999964993e+00 1.408956138508487584e+03
2.164931999999965218e+00 1.407292672209893226e+03
2.167487999999964998e+00 1.405633129173444331e+03
2.170043999999965223e+00 1.403977495536274091e+03
2.172599999999965004e+00 1.402325757500743975e+03
2.175155999999964784e+00 1.400677901334061744e+03
2.177711999999965009e+00 1.399033913367899913e+03
2.180267999999964790e+00 1.397393779998018999e+03
2.182823999999964570e+00 1.395757487683893260e+03
2.185379999999964795e+00 1.394125022948335754e+03
2.187935999999964576e+00 1.392496372377131593e+03
2.190491999999964357e+00 1.390871522618669132e+03
2.193047999999964581e+00 1.389250460383575273e+03
2.195603999999964362e+00 1.387633172444354159e+03
2.198159999999964143e+00 1.386019645635027246e+03
2.200715999999964367e+00 1.384409866850775870e+03
2.203271999999964148e+00 1.382803823047588139e+03
2.205827999999964373e+00 1.381201501241904452e+03
2.208383999999964153e+00 1.379602888510270077e+03
2.210939999999963934e+00 1.378007971988986810e+03
2.213495999999964159e+00 1.376416738873767827e+03
2.216051999999963940e+00 1.374829176419396617e+03
2.218607999999963720e+00 1.373245271939384793e+03
2.221163999999963945e+00 1.371665012805636024e+03
2.223719999999963726e+00 1.370088386448110441e+03
2.226275999999963506e+00 1.368515380354490162e+03
2.228831999999963731e+00 1.366945982069850515e+03
2.231387999999963512e+00 1.365380179196329209e+03
2.233943999999963737e+00 1.363817959392802095e+03
2.236499999999963517e+00 1.362259310374557344e+03
2.239055999999963298e+00 1.360704219912974622e+03
2.241611999999963967e+00 1.359152675835205400e+03
2.244167999999963747e+00 1.357604666023855088e+03
2.246723999999963528e+00 1.356060178416667213e+03
2.249279999999963753e+00 1.354519201006211460e+03
2.251835999999963533e+00 1.352981721839571719e+03
2.254391999999963314e+00 1.351447729018037990e+03
2.256947999999963539e+00 1.349917210696797838e+03
2.259503999999963320e+00 1.348390155084633307e+03
2.262059999999963544e+00 1.346866550443617825e+03
2.264615999999963325e+00 1.345346385088814714e+03
2.267171999999963106e+00 1.343829647387980003e+03
2.269727999999963330e+00 1.342316325761264807e+03
2.272283999999963111e+00 1.340806408680920413e+03
2.274839999999962892e+00 1.339299884671006566e+03
2.277395999999963117e+00 1.337796742307099976e+03
2.279951999999962897e+00 1.336296970216007139e+03
2.282507999999962678e+00 1.334800557075475126e+03
2.285063999999962903e+00 1.333307491613909178e+03
2.287619999999962683e+00 1.331817762610087584e+03
2.290175999999962464e+00 1.330331358892882463e+03
2.292731999999962689e+00 1.328848269340979869e+03
2.295287999999962469e+00 1.327368482882601938e+03
2.297843999999962694e+00 1.325891988495231999e+03
2.300399999999962475e+00 1.324418775205341944e+03
2.302955999999962255e+00 1.322948832088117797e+03
2.305511999999962480e+00 1.321482148267192542e+03
2.308067999999962261e+00 1.320018712914376010e+03
2.310623999999962042e+00 1.318558515249389529e+03
2.313179999999962266e+00 1.317101544539600354e+03
2.315735999999962047e+00 1.315647790099759959e+03
2.318291999999961828e+00 1.314197241291741648e+03
2.320847999999962052e+00 1.312749887524281576e+03
2.323403999999961833e+00 1.311305718252721590e+03
2.325959999999962058e+00 1.309864722978752070e+03
2.328515999999961839e+00 1.308426891250158860e+03
2.331071999999961619e+00 1.306992212660569066e+03
2.333627999999961844e+00 1.305560676849201855e+03
2.336183999999961625e+00 1.304132273500616975e+03
2.338739999999961405e+00 1.302706992344468972e+03
2.341295999999961630e+00 1.301284823155260028e+03
2.343851999999961411e+00 1.299865755752095993e+03
2.346407999999961191e+00 1.298449779998442409e+03
2.348963999999961416e+00 1.297036885801884409e+03
2.351519999999961197e+00 1.295627063113886379e+03
2.354075999999961422e+00 1.294220301929554125e+03
2.356631999999961202e+00 1.292816592287397953e+03
2.359187999999960983e+00 1.291415924269096649e+03
2.361743999999961208e+00 1.290018287999266249e+03
2.364299999999960988e+00 1.288623673645226063e+03
2.366855999999960769e+00 1.287232071416767440e+03
2.369411999999960994e+00 1.285843471565927757e+03
2.371967999999960774e+00 1.284457864386759866e+03
2.374523999999960555e+00 1.283075240215107215e+03
2.377079999999960780e+00 1.281695589428378980e+03
2.379635999999960561e+00 1.280318902445327012e+03
2.382191999999960341e+00 1.278945169725823916e+03
2.384747999999960566e+00 1.277574381770642958e+03
2.387303999999960347e+00 1.276206529121237963e+03
2.389859999999960571e+00 1.274841602359528224e+03
2.392415999999960352e+00 1.273479592107679309e+03
2.394971999999960133e+00 1.272120489027890926e+03
2.397527999999960358e+00 1.270764283822182279e+03
2.400083999999960138e+00 1.269410967232179246e+03
2.402639999999959919e+00 1.268060530038905654e+03
2.405195999999960144e+00 1.266712963062573635e+03
2.407751999999959924e+00 1.265368257162373538e+03
2.410307999999959705e+00 1.264026403236269289e+03
2.412863999999959930e+00 1.262687392220792844e+03
2.415419999999959710e+00 1.261351215090839105e+03
2.417975999999959935e+00 1.260017862859464230e+03
2.420531999999959716e+00 1.258687326577683962e+03
2.423087999999959496e+00 1.257359597334272848e+03
2.425643999999959721e+00 1.256034666255565753e+03
2.428199999999959502e+00 1.254712524505260035e+03
2.430755999999959283e+00 1.253393163284219099e+03
2.433311999999959507e+00 1.252076573830277766e+03
2.435867999999959288e+00 1.250762747418047411e+03
2.438423999999959069e+00 1.249451675358723605e+03
2.440979999999959293e+00 1.248143348999895125e+03
2.443535999999959074e+00 1.246837759725352498e+03
2.446091999999959299e+00 1.245534898954899290e+03
2.448647999999959080e+00 1.244234758144165880e+03
2.451203999999958860e+00 1.242937328784419151e+03
2.453759999999959085e+00 1.241642602402380135e+03
2.456315999999958866e+00 1.240350570560038250e+03
2.458871999999958646e+00 1.239061224854467355e+03
2.461427999999958871e+00 1.237774556917644759e+03
2.463983999999958652e+00 1.236490558416269778e+03
2.466539999999958432e+00 1.235209221051583654e+03
2.469095999999958657e+00 1.233930536559190841e+03
2.471651999999958438e+00 1.232654496708881425e+03
2.474207999999958663e+00 1.231381093304454680e+03
2.476763999999958443e+00 1.230110318183542859e+03
2.479319999999958224e+00 1.228842163217437928e+03
2.481875999999958449e+00 1.227576620310917633e+03
2.484431999999958229e+00 1.226313681402073371e+03
2.486987999999958010e+00 1.225053338462138072e+03
2.489543999999958235e+00 1.223795583495318169e+03
2.492099999999958015e+00 1.222540408538622387e+03
2.494655999999957796e+00 1.221287805661694847e+03
2.497211999999958465e+00 1.220037766966647723e+03
2.499767999999958246e+00 1.218790284587895485e+03
2.502323999999957582e+00 1.217545350691990052e+03
2.504879999999958251e+00 1.216302957477455266e+03
2.507435999999958032e+00 1.215063097174627046e+03
2.509991999999958256e+00 1.213825762045488318e+03
2.512547999999958037e+00 1.212590944383509168e+03
2.515103999999957818e+00 1.211358636513488136e+03
2.517659999999958043e+00 1.210128830791391010e+03
2.520215999999957823e+00 1.208901519604193481e+03
2.522771999999957604e+00 1.207676695369726076e+03
2.525327999999957829e+00 1.206454350536514767e+03
2.527883999999957609e+00 1.205234477583628177e+03
2.530439999999957390e+00 1.204017069020522285e+03
2.532995999999957615e+00 1.202802117386886721e+03
2.535551999999957395e+00 1.201589615252494013e+03
2.538107999999957620e+00 1.200379555217046118e+03
2.540663999999957401e+00 1.199171929910025710e+03
2.543219999999957182e+00 1.197966731990545213e+03
2.545775999999957406e+00 1.196763954147198547e+03
2.548331999999957187e+00 1.195563589097913109e+03
2.550887999999956968e+00 1.194365629589803120e+03
2.553443999999957192e+00 1.193170068399023421e+03
2.555999999999956973e+00 1.191976898330624408e+03
2.556000000000000050e+00 1.191976898330604399e+03
