2.556000000000000112e-03 0.000000000000000000e+00
5.112000000000000224e-03 1.118647735335319915e+00
7.667999999999999469e-03 2.423400141579330480e+00
1.022400000000000045e-02 4.053736846083208611e+00
1.278000000000000143e-02 6.037147372654786182e+00
1.533600000000000067e-02 8.382359955409972585e+00
1.789200000000000165e-02 1.109266018930409459e+01
2.044800000000000090e-02 1.416922098752926296e+01
2.300400000000000014e-02 1.761221287941304325e+01
2.555999999999999939e-02 2.142124845339706241e+01
2.811599999999999863e-02 2.559558470937109220e+01
3.067199999999999441e-02 3.013422457473298977e+01
3.322800000000000059e-02 3.503597191242798203e+01
3.578399999999999637e-02 4.029946330415845068e+01
3.833999999999999908e-02 4.592318747390513778e+01
4.089600000000000180e-02 5.190549778397830494e+01
4.345200000000000451e-02 5.824462067912453023e+01
4.600800000000000722e-02 6.493866167584582172e+01
4.856400000000000994e-02 7.198560982124162422e+01
5.112000000000001265e-02 7.938334117560000891e+01
5.367600000000001537e-02 8.712962166146870402e+01
5.623200000000001808e-02 9.522210949694763826e+01
5.878800000000002079e-02 1.036583573548467712e+02
6.134400000000001657e-02 1.124358143417795333e+02
6.390000000000001235e-02 1.215518278608009552e+02
6.645600000000002894e-02 1.310036454012713421e+02
6.901200000000001777e-02 1.407884162863294648e+02
7.156800000000003437e-02 1.509031933993252892e+02
7.412400000000002320e-02 1.613449349043240204e+02
7.668000000000002592e-02 1.721105059714167851e+02
7.923600000000002863e-02 1.831966805144593593e+02
8.179200000000003135e-02 1.946001429466159323e+02
8.434800000000003406e-02 2.063174899574447920e+02
8.690400000000003677e-02 2.183452323140527085e+02
8.946000000000003949e-02 2.306797966879383921e+02
9.201600000000004220e-02 2.433175275084623479e+02
9.457200000000004492e-02 2.562546888433599861e+02
9.712800000000004763e-02 2.694874663063109210e+02
9.968400000000003647e-02 2.830119689912681906e+02
1.022400000000000531e-01 2.968242314330038880e+02
1.047960000000000419e-01 3.109202155931368452e+02
1.073520000000000585e-01 3.252958128707524565e+02
1.099080000000000473e-01 3.399468461366042789e+02
1.124640000000000639e-01 3.548690717897860054e+02
1.150200000000000528e-01 3.700581818356844224e+02
1.175760000000000693e-01 3.855098059839593816e+02
1.201320000000000582e-01 4.012195137652447556e+02
1.226880000000000748e-01 4.171828166652226173e+02
1.252440000000000497e-01 4.333951702746890646e+02
1.278000000000000524e-01 4.498519764542053281e+02
1.303560000000000552e-01 4.665485855119042640e+02
1.329120000000000579e-01 4.834802983930102300e+02
1.354680000000000606e-01 5.006423688796168108e+02
1.380240000000000633e-01 5.180300057992602660e+02
1.405800000000000660e-01 5.356383752408232795e+02
1.431360000000000965e-01 5.534626027763015372e+02
1.456920000000000714e-01 5.714977756869684526e+02
1.482480000000000742e-01 5.897389451924769901e+02
1.508040000000000769e-01 6.081811286814432833e+02
1.533600000000000796e-01 6.268193119420689072e+02
1.559160000000000823e-01 6.456484513913617320e+02
1.584720000000000850e-01 6.646634763015373437e+02
1.610280000000000877e-01 6.838592910221882448e+02
1.635840000000000904e-01 7.032307771968286261e+02
1.661400000000000932e-01 7.227727959724368247e+02
1.686960000000000959e-01 7.424801902006395267e+02
1.712520000000000986e-01 7.623477866291956389e+02
1.738080000000001013e-01 7.823703980824651580e+02
1.763640000000000763e-01 8.025428256295651863e+02
1.789200000000001067e-01 8.228598607389428707e+02
1.814760000000001094e-01 8.433162874181149391e+02
1.840320000000001122e-01 8.639068843373520394e+02
1.865880000000000871e-01 8.846264269361130346e+02
1.891440000000001176e-01 9.054696895110564583e+02
1.917000000000001203e-01 9.264314472844906732e+02
1.942560000000001230e-01 9.475064784521481442e+02
1.968120000000000980e-01 9.686895662092015300e+02
1.993680000000001007e-01 9.899755007534686229e+02
2.019240000000001312e-01 1.011359081264783072e+03
2.044800000000001339e-01 1.032835117859539878e+03
2.070360000000001366e-01 1.054398433519459331e+03
2.095920000000001115e-01 1.076043865993636700e+03
2.121480000000001420e-01 1.097766269672991257e+03
2.147040000000001447e-01 1.119560517436249256e+03
2.172600000000001474e-01 1.141421502466634138e+03
2.198160000000001224e-01 1.163344140038472005e+03
2.223720000000001529e-01 1.185323369272955006e+03
2.249280000000001556e-01 1.207354154862332280e+03
2.274840000000001583e-01 1.229431488761846140e+03
2.300400000000001333e-01 1.251550391848748632e+03
2.325960000000001360e-01 1.273705915547788436e+03
2.351520000000001664e-01 1.295893143422570802e+03
2.377080000000001692e-01 1.318107192732249814e+03
2.402640000000001441e-01 1.340343215953025947e+03
2.428200000000001468e-01 1.362596402263978007e+03
2.453760000000001773e-01 1.384861978996772677e+03
2.479320000000001800e-01 1.407135213048842843e+03
2.504880000000001550e-01 1.429411412259658846e+03
2.530440000000001577e-01 1.451685926749740020e+03
2.556000000000001604e-01 1.473954150222104772e+03
2.581560000000001631e-01 1.496211521225876368e+03
2.607120000000001658e-01 1.518453524381798843e+03
2.632680000000002241e-01 1.540675691569456148e+03
2.658240000000001713e-01 1.562873603076013069e+03
2.683800000000001740e-01 1.585042888706329904e+03
2.709360000000001767e-01 1.607179228854337453e+03
2.734920000000001794e-01 1.629278355535586570e+03
2.760480000000001821e-01 1.651336053380919793e+03
2.786040000000001848e-01 1.673348160591240912e+03
2.811600000000001875e-01 1.695310569853387960e+03
2.837160000000001903e-01 1.717219229217145539e+03
2.862720000000002485e-01 1.739070142933462876e+03
2.888280000000001957e-01 1.760859372253962420e+03
2.913840000000001984e-01 1.782583036191866086e+03
2.939400000000002011e-01 1.804237312244477607e+03
2.964960000000002038e-01 1.825818437077399494e+03
2.990520000000002065e-01 1.847322707170673311e+03
3.016080000000002093e-01 1.868746479427074064e+03
3.041640000000002120e-01 1.890086171742798797e+03
3.067200000000002147e-01 1.911338263540819526e+03
3.092760000000002174e-01 1.932499296267192221e+03
3.118320000000002201e-01 1.953565873850638582e+03
3.143880000000002228e-01 1.974534663125730503e+03
3.169440000000002255e-01 1.995402394220037650e+03
3.195000000000002283e-01 2.016165860905607815e+03
3.220560000000002310e-01 2.036821920915182318e+03
3.246120000000002337e-01 2.057367496223549097e+03
3.271680000000002364e-01 2.077799573294474158e+03
3.297240000000001836e-01 2.098115203293646118e+03
3.322800000000002418e-01 2.118311502268111781e+03
3.348360000000002445e-01 2.138385651292664988e+03
3.373920000000002473e-01 2.158334896583696263e+03
3.399480000000002500e-01 2.178156549580996852e+03
3.425040000000002527e-01 2.197847986998049691e+03
3.450600000000002554e-01 2.217406650841329338e+03
3.476160000000002581e-01 2.236830048399159296e+03
3.501720000000002608e-01 2.256115752200681982e+03
3.527280000000002080e-01 2.275261399945503399e+03
3.552840000000002663e-01 2.294264694404593683e+03
3.578400000000002690e-01 2.313123403293013780e+03
3.603960000000002717e-01 2.331835359115076699e+03
3.629520000000002744e-01 2.350398458982527245e+03
3.655080000000002771e-01 2.368810664406355954e+03
3.680640000000002798e-01 2.387070001062853407e+03
3.706200000000002825e-01 2.405174558534521566e+03
3.731760000000002298e-01 2.423122490026469677e+03
3.757320000000002880e-01 2.440912012058915025e+03
3.782880000000002907e-01 2.458541404136418350e+03
3.808440000000002934e-01 2.476009008394491048e+03
3.834000000000002961e-01 2.493313229224204406e+03
3.859560000000002988e-01 2.510452532875437100e+03
3.885120000000003015e-01 2.527425447039402115e+03
3.910680000000003043e-01 2.544230560411086117e+03
3.936240000000002515e-01 2.560866522232248371e+03
3.961800000000002542e-01 2.577332041815603134e+03
3.987360000000003124e-01 2.593625888050835783e+03
4.012920000000003151e-01 2.609746888893080268e+03
4.038480000000003178e-01 2.625693930834491766e+03
4.064040000000003205e-01 2.641465958359548949e+03
4.089600000000003233e-01 2.657061973384708381e+03
4.115160000000003260e-01 2.672481034683039979e+03
4.140720000000002732e-01 2.687722257294462452e+03
4.166280000000002759e-01 2.702784811922193967e+03
4.191840000000002786e-01 2.717667924316033805e+03
4.217400000000003368e-01 2.732370874643072057e+03
4.242960000000003395e-01 2.746892996846448568e+03
4.268520000000003423e-01 2.761233677992728644e+03
4.294080000000003450e-01 2.775392357608515340e+03
4.319640000000003477e-01 2.789368527006856766e+03
4.345200000000003504e-01 2.803161728604040491e+03
4.370760000000002976e-01 2.816771555227339832e+03
4.396320000000003003e-01 2.830197649414272291e+03
4.421880000000003030e-01 2.843439702703928560e+03
4.447440000000003613e-01 2.856497454920922337e+03
4.473000000000003640e-01 2.869370693452485284e+03
4.498560000000003667e-01 2.882059252519262373e+03
4.524120000000003694e-01 2.894563012440306466e+03
4.549680000000003721e-01 2.906881898892801473e+03
4.575240000000003193e-01 2.919015882167012023e+03
4.600800000000003220e-01 2.930964976416960781e+03
4.626360000000003248e-01 2.942729238907317267e+03
4.651920000000003275e-01 2.954308769256973392e+03
4.677480000000003857e-01 2.965703708679782721e+03
4.703040000000003884e-01 2.976914239222916422e+03
4.728600000000003911e-01 2.987940583003280608e+03
4.754160000000003938e-01 2.998783001442453042e+03
4.779720000000003410e-01 3.009441794500541164e+03
4.805280000000003437e-01 3.019917299909413032e+03
4.830840000000003465e-01 3.030209892405683149e+03
4.856400000000003492e-01 3.040319982963875191e+03
4.881960000000003519e-01 3.050248018030134062e+03
4.907520000000004101e-01 3.059994478756887929e+03
4.933080000000004128e-01 3.069559880238807636e+03
4.958640000000004155e-01 3.078944770750444150e+03
4.984200000000004183e-01 3.088149730985880069e+03
5.009760000000004210e-01 3.097175373300744923e+03
5.035320000000004237e-01 3.106022340956915286e+03
5.060880000000004264e-01 3.114691307370232607e+03
5.086440000000004291e-01 3.123182975361537046e+03
5.112000000000003208e-01 3.131498076411321563e+03
5.137560000000003235e-01 3.139637369918302738e+03
5.163120000000002152e-01 3.147601642462179370e+03
5.188680000000001069e-01 3.155391707070859866e+03
5.214240000000001096e-01 3.163008402492413552e+03
5.239800000000000013e-01 3.170452592471994649e+03
5.265360000000000040e-01 3.177725165033995381e+03
5.290920000000000067e-01 3.184827031769643781e+03
5.316480000000000095e-01 3.191759127130284014e+03
5.342039999999999011e-01 3.198522407726545225e+03
5.367599999999997928e-01 3.205117851633607188e+03
5.393159999999997956e-01 3.211546457702761927e+03
5.418719999999996872e-01 3.217809244879452763e+03
5.444279999999996900e-01 3.223907251527976769e+03
5.469839999999995817e-01 3.229841534763015261e+03
5.495399999999995844e-01 3.235613169788155119e+03
5.520959999999994761e-01 3.241223249241559188e+03
5.546519999999994788e-01 3.246672882548923099e+03
5.572079999999993705e-01 3.251963195283861296e+03
5.597639999999992622e-01 3.257095328535848694e+03
5.623199999999992649e-01 3.262070438285840737e+03
5.648759999999991566e-01 3.266889694789683290e+03
5.674319999999991593e-01 3.271554281969419208e+03
5.699879999999990510e-01 3.276065396812591644e+03
5.725439999999990537e-01 3.280424248779632762e+03
5.750999999999989454e-01 3.284632059219423809e+03
5.776559999999989481e-01 3.288690060793101111e+03
5.802119999999988398e-01 3.292599496906185323e+03
5.827679999999987315e-01 3.296361621149086204e+03
5.853239999999987342e-01 3.299977696746050242e+03
5.878799999999986259e-01 3.303448996012598400e+03
5.904359999999986286e-01 3.306776799821495842e+03
5.929919999999985203e-01 3.309962397077297737e+03
5.955479999999986340e-01 3.313007084199498422e+03
5.981039999999985257e-01 3.315912164614313497e+03
6.006599999999985284e-01 3.318678948255118030e+03
6.032159999999984201e-01 3.321308751071551796e+03
6.057719999999983118e-01 3.323802894547305186e+03
6.083279999999983145e-01 3.326162705226593062e+03
6.108839999999982062e-01 3.328389514249312015e+03
6.134399999999982089e-01 3.330484656894880573e+03
6.159959999999981006e-01 3.332449472134753705e+03
6.185519999999981033e-01 3.334285302193591633e+03
6.211079999999979950e-01 3.335993492119075199e+03
6.236639999999979977e-01 3.337575389360335976e+03
6.262199999999978894e-01 3.339032343354977456e+03
6.287759999999977811e-01 3.340365705124665510e+03
6.313319999999977838e-01 3.341576826879233067e+03
6.338879999999976755e-01 3.342667061629287218e+03
6.364439999999976783e-01 3.343637762807258241e+03
6.389999999999975699e-01 3.344490283896846904e+03
6.415559999999975727e-01 3.345225978070839574e+03
6.441119999999974644e-01 3.345846197837213367e+03
6.466679999999974671e-01 3.346352294693492240e+03
6.492239999999973588e-01 3.346745618789306263e+03
6.517799999999972504e-01 3.347027518597066774e+03
6.543359999999972532e-01 3.347199340590718748e+03
6.568919999999971449e-01 3.347262428932494458e+03
6.594479999999972586e-01 3.347218125167602921e+03
6.620039999999971503e-01 3.347067767926783745e+03
6.645599999999971530e-01 3.346812692636654901e+03
6.671159999999970447e-01 3.346454231237782551e+03
6.696719999999970474e-01 3.345993711910383809e+03
6.722279999999969391e-01 3.345432458807606508e+03
6.747839999999968308e-01 3.344771791796287744e+03
6.773399999999968335e-01 3.344013026205110691e+03
6.798959999999967252e-01 3.343157472580092417e+03
6.824519999999967279e-01 3.342206436447296255e+03
6.850079999999966196e-01 3.341161218082703272e+03
6.875639999999966223e-01 3.340023112289142318e+03
6.901199999999965140e-01 3.338793408180189545e+03
6.926759999999965167e-01 3.337473388970965971e+03
6.952319999999964084e-01 3.336064331775717164e+03
6.977879999999963001e-01 3.334567507412101804e+03
7.003439999999963028e-01 3.332984180212093634e+03
7.028999999999961945e-01 3.331315607839399945e+03
7.054559999999961972e-01 3.329563041113306099e+03
7.080119999999960889e-01 3.327727723838852398e+03
7.105679999999960916e-01 3.325810892643246916e+03
7.131239999999959833e-01 3.323813776818421047e+03
7.156799999999959860e-01 3.321737598169632747e+03
7.182359999999958777e-01 3.319583570870021958e+03
7.207919999999957694e-01 3.317352901321019999e+03
7.233479999999958832e-01 3.315046788018517873e+03
7.259039999999957748e-01 3.312666421424701639e+03
7.284599999999957776e-01 3.310212983845455256e+03
7.310159999999956693e-01 3.307687649313230395e+03
7.335719999999956720e-01 3.305091583475298648e+03
7.361279999999955637e-01 3.302425943487278801e+03
7.386839999999955664e-01 3.299691877911851407e+03
7.412399999999954581e-01 3.296890526622558809e+03
7.437959999999953498e-01 3.294023020712604193e+03
7.463519999999953525e-01 3.291090482408543721e+03
7.489079999999952442e-01 3.288094024988789442e+03
7.514639999999952469e-01 3.285034752706813379e+03
7.540199999999951386e-01 3.281913760718982303e+03
7.565759999999951413e-01 3.278732135016902248e+03
7.591319999999950330e-01 3.275490952364202712e+03
7.616879999999950357e-01 3.272191280237661431e+03
7.642439999999949274e-01 3.268834176772566934e+03
7.667999999999949301e-01 3.265420690712251599e+03
7.693559999999948218e-01 3.261951861361683314e+03
7.719119999999947135e-01 3.258428718545037555e+03
7.744679999999947162e-01 3.254852282567157999e+03
7.770239999999946079e-01 3.251223564178817924e+03
7.795799999999946106e-01 3.247543564545700065e+03
7.821359999999945023e-01 3.243813275220996729e+03
7.846919999999945050e-01 3.240033678121559660e+03
7.872479999999943967e-01 3.236205745507503252e+03
7.898039999999945104e-01 3.232330439965181085e+03
7.923599999999944021e-01 3.228408714393459832e+03
7.949159999999942938e-01 3.224441511993192762e+03
7.974719999999942965e-01 3.220429766259828739e+03
8.000279999999941882e-01 3.216374400979065285e+03
8.025839999999941909e-01 3.212276330225472520e+03
8.051399999999940826e-01 3.208136458364005648e+03
8.076959999999940853e-01 3.203955680054330060e+03
8.102519999999939770e-01 3.199734880257885379e+03
8.128079999999939798e-01 3.195474934247609781e+03
8.153639999999938714e-01 3.191176707620251818e+03
8.179199999999937631e-01 3.186841056311196098e+03
8.204759999999937659e-01 3.182468826611729583e+03
8.230319999999936575e-01 3.178060855188680762e+03
8.255879999999936603e-01 3.173617969106356213e+03
8.281439999999935520e-01 3.169140985850711786e+03
8.306999999999935547e-01 3.164630713355680655e+03
8.332559999999934464e-01 3.160087950031604578e+03
8.358119999999934491e-01 3.155513484795690601e+03
8.383679999999933408e-01 3.150908097104429999e+03
8.409239999999932325e-01 3.146272556987926237e+03
8.434799999999932352e-01 3.141607625086051939e+03
8.460359999999931269e-01 3.136914052686384821e+03
8.485919999999931296e-01 3.132192581763863018e+03
8.511479999999930213e-01 3.127443945022087973e+03
8.537039999999931350e-01 3.122668865936229849e+03
8.562599999999930267e-01 3.117868058797469530e+03
8.588159999999930294e-01 3.113042228758922647e+03
8.613719999999929211e-01 3.108192071882988785e+03
8.639279999999928128e-01 3.103318275190076292e+03
8.664839999999928155e-01 3.098421516708640866e+03
8.690399999999927072e-01 3.093502465526490141e+03
8.715959999999927099e-01 3.088561781843307926e+03
8.741519999999926016e-01 3.083600117024334395e+03
8.767079999999926043e-01 3.078618113655161324e+03
8.792639999999924960e-01 3.073616405597598259e+03
8.818199999999924987e-01 3.068595618046547315e+03
8.843759999999923904e-01 3.063556367587857949e+03
8.869319999999922821e-01 3.058499262257097143e+03
8.894879999999922848e-01 3.053424901599208170e+03
8.920439999999921765e-01 3.048333876729003350e+03
8.945999999999921792e-01 3.043226770392444905e+03
8.971559999999920709e-01 3.038104157028688860e+03
8.997119999999920736e-01 3.032966602832827903e+03
9.022679999999919653e-01 3.027814665819313632e+03
9.048239999999919680e-01 3.022648895886004993e+03
9.073799999999918597e-01 3.017469834878812435e+03
9.099359999999917514e-01 3.012278016656897762e+03
9.124919999999917541e-01 3.007073967158391952e+03
9.150479999999916458e-01 3.001858204466598636e+03
9.176039999999917596e-01 2.996631238876642328e+03
9.201599999999916513e-01 2.991393572962538201e+03
9.227159999999916540e-01 2.986145701644636574e+03
9.252719999999915457e-01 2.980888112257420289e+03
9.278279999999915484e-01 2.975621284617621313e+03
9.303839999999914401e-01 2.970345691092618836e+03
9.329399999999913318e-01 2.965061796669102932e+03
9.354959999999913345e-01 2.959770059021956968e+03
9.380519999999912262e-01 2.954470928583349178e+03
9.406079999999912289e-01 2.949164848611987509e+03
9.431639999999911206e-01 2.943852255262524977e+03
9.457199999999911233e-01 2.938533577655084628e+03
9.482759999999910150e-01 2.933209237944872257e+03
9.508319999999910177e-01 2.927879651391866901e+03
9.533879999999909094e-01 2.922545226430548155e+03
9.559439999999908011e-01 2.917206364739648507e+03
9.584999999999908038e-01 2.911863461311906576e+03
9.610559999999906955e-01 2.906516904523791254e+03
9.636119999999906982e-01 2.901167076205189005e+03
9.661679999999905899e-01 2.895814351709021594e+03
9.687239999999905926e-01 2.890459099980777410e+03
9.712799999999904843e-01 2.885101683627943203e+03
9.738359999999904870e-01 2.879742458989305760e+03
9.763919999999903787e-01 2.874381776204121252e+03
9.789479999999902704e-01 2.869019979281114502e+03
9.815039999999903841e-01 2.863657406167310455e+03
9.840599999999902758e-01 2.858294388816668743e+03
9.866159999999902785e-01 2.852931253258510424e+03
9.891719999999901702e-01 2.847568319665721901e+03
9.917279999999901730e-01 2.842205902422717827e+03
9.942839999999900646e-01 2.836844310193151614e+03
9.968399999999900674e-01 2.831483845987358563e+03
9.993959999999899591e-01 2.826124807229520684e+03
1.001951999999989740e+00 2.820767485824535015e+03
1.004507999999989742e+00 2.815412168224578636e+03
1.007063999999989745e+00 2.810059135495355804e+03
1.009619999999989748e+00 2.804708663382015857e+03
1.012175999999989529e+00 2.799361022374732329e+03
1.014731999999989753e+00 2.794016477773930092e+03
1.017287999999989534e+00 2.788675289755155973e+03
1.019843999999989537e+00 2.783337713433572844e+03
1.022399999999989539e+00 2.778003998928083547e+03
1.024955999999989542e+00 2.772674391425059184e+03
1.027511999999989545e+00 2.767349131241672694e+03
1.030067999999989325e+00 2.762028453888834520e+03
1.032623999999989328e+00 2.756712590133704452e+03
1.035179999999989331e+00 2.751401766061796479e+03
1.037735999999989334e+00 2.746096203138649798e+03
1.040291999999989336e+00 2.740796118271067371e+03
1.042847999999989117e+00 2.735501723867921100e+03
1.045403999999989120e+00 2.730213227900506354e+03
1.047959999999989122e+00 2.724930833962447196e+03
1.050515999999988903e+00 2.719654741329150056e+03
1.053071999999988906e+00 2.714385145016793103e+03
1.055627999999988909e+00 2.709122235840849044e+03
1.058183999999988911e+00 2.703866200474143170e+03
1.060739999999988692e+00 2.698617221504436657e+03
1.063295999999988695e+00 2.693375477491530091e+03
1.065851999999988697e+00 2.688141143023889072e+03
1.068407999999988700e+00 2.682914388774784129e+03
1.070963999999988481e+00 2.677695381557946348e+03
1.073519999999988483e+00 2.672484284382730948e+03
1.076075999999988486e+00 2.667281256508791103e+03
1.078631999999988267e+00 2.662086453500256539e+03
1.081187999999988270e+00 2.656900027279416463e+03
1.083743999999988272e+00 2.651722126179904080e+03
1.086299999999988275e+00 2.646552894999384534e+03
1.088855999999988056e+00 2.641392475051737620e+03
1.091411999999988058e+00 2.636241004218743910e+03
1.093967999999988061e+00 2.631098617001264756e+03
1.096523999999987842e+00 2.625965444569920692e+03
1.099079999999987844e+00 2.620841614815265530e+03
1.101635999999987847e+00 2.615727252397457505e+03
1.104191999999987850e+00 2.610622478795423831e+03
1.106747999999987631e+00 2.605527412355524120e+03
1.109303999999987633e+00 2.600442168339707223e+03
1.111859999999987636e+00 2.595366858973165563e+03
1.114415999999987639e+00 2.590301593491487893e+03
1.116971999999987419e+00 2.585246478187305001e+03
1.119527999999987422e+00 2.580201616456439751e+03
1.122083999999987425e+00 2.575167108843552796e+03
1.124639999999987205e+00 2.570143053087287171e+03
1.127195999999987208e+00 2.565129544164919935e+03
1.129751999999987211e+00 2.560126674336510860e+03
1.132307999999987214e+00 2.555134533188560908e+03
1.134863999999986994e+00 2.550153207677171395e+03
1.137419999999986997e+00 2.545182782170715200e+03
1.139975999999987222e+00 2.540223338492014591e+03
1.142531999999986780e+00 2.535274955960034276e+03
1.145087999999987005e+00 2.530337711431082880e+03
1.147643999999987008e+00 2.525411679339533293e+03
1.150199999999987011e+00 2.520496931738060539e+03
1.152755999999986791e+00 2.515593538337399423e+03
1.155311999999986794e+00 2.510701566545623791e+03
1.157867999999986797e+00 2.505821081506951941e+03
1.160423999999986799e+00 2.500952146140078185e+03
1.162979999999986580e+00 2.496094821176038749e+03
1.165535999999986583e+00 2.491249165195602927e+03
1.168091999999986585e+00 2.486415234666205833e+03
1.170647999999986366e+00 2.481593083978419600e+03
1.173203999999986369e+00 2.476782765481961178e+03
1.175759999999986372e+00 2.471984329521248583e+03
1.178315999999986374e+00 2.467197824470504656e+03
1.180871999999986155e+00 2.462423296768407454e+03
1.183427999999986158e+00 2.457660790952297702e+03
1.185983999999986160e+00 2.452910349691942429e+03
1.188539999999985941e+00 2.448172013822855206e+03
1.191095999999985944e+00 2.443445822379183028e+03
1.193651999999985946e+00 2.438731812626160263e+03
1.196207999999985949e+00 2.434030020092126961e+03
1.198763999999985730e+00 2.429340478600126062e+03
1.201319999999985733e+00 2.424663220299075874e+03
1.203875999999985735e+00 2.419998275694518270e+03
1.206431999999985738e+00 2.415345673678955791e+03
1.208987999999985519e+00 2.410705441561773114e+03
1.211543999999985521e+00 2.406077605098747881e+03
1.214099999999985524e+00 2.401462188521157259e+03
1.216655999999985305e+00 2.396859214564482500e+03
1.219211999999985307e+00 2.392268704496710143e+03
1.221767999999985310e+00 2.387690678146246682e+03
1.224323999999985313e+00 2.383125153929429416e+03
1.226879999999985094e+00 2.378572148877660766e+03
1.229435999999985096e+00 2.374031678664151059e+03
1.231991999999985099e+00 2.369503757630281598e+03
1.234547999999984880e+00 2.364988398811594834e+03
1.237103999999984882e+00 2.360485613963402102e+03
1.239659999999984885e+00 2.355995413586032555e+03
1.242215999999984888e+00 2.351517806949706028e+03
1.244771999999984669e+00 2.347052802119049829e+03
1.247327999999984671e+00 2.342600405977254468e+03
1.249883999999984674e+00 2.338160624249873763e+03
1.252439999999984677e+00 2.333733461528273438e+03
1.254995999999984457e+00 2.329318921292731375e+03
1.257551999999984460e+00 2.324917005935197267e+03
1.260107999999984463e+00 2.320527716781707568e+03
1.262663999999984243e+00 2.316151054114463477e+03
1.265219999999984246e+00 2.311787017193580596e+03
1.267775999999984249e+00 2.307435604278502069e+03
1.270331999999984474e+00 2.303096812649091589e+03
1.272887999999984254e+00 2.298770638626400796e+03
1.275443999999984257e+00 2.294457077593118811e+03
1.277999999999984260e+00 2.290156124013707085e+03
1.280555999999984262e+00 2.285867771454222293e+03
1.283111999999984043e+00 2.281592012601830447e+03
1.285667999999984046e+00 2.277328839284017704e+03
1.288223999999984049e+00 2.273078242487500574e+03
1.290779999999983829e+00 2.268840212376836007e+03
1.293335999999983832e+00 2.264614738312741792e+03
1.295891999999983835e+00 2.260401808870123205e+03
1.298447999999983837e+00 2.256201411855813603e+03
1.301003999999983618e+00 2.252013534326032186e+03
1.303559999999983621e+00 2.247838162603562068e+03
1.306115999999983623e+00 2.243675282294650060e+03
1.308671999999983404e+00 2.239524878305633592e+03
1.311227999999983407e+00 2.235386934859299799e+03
1.313783999999983410e+00 2.231261435510976753e+03
1.316339999999983412e+00 2.227148363164358670e+03
1.318895999999983193e+00 2.223047700087077374e+03
1.321451999999983196e+00 2.218959427926012722e+03
1.324007999999983198e+00 2.214883527722350209e+03
1.326563999999983201e+00 2.210819979926387987e+03
1.329119999999982982e+00 2.206768764412102428e+03
1.331675999999982984e+00 2.202729860491459931e+03
1.334231999999982987e+00 2.198703246928499084e+03
1.336787999999982768e+00 2.194688901953167260e+03
1.339343999999982771e+00 2.190686803274927570e+03
1.341899999999982773e+00 2.186696928096134343e+03
1.344455999999982776e+00 2.182719253125175328e+03
1.347011999999982557e+00 2.178753754589398341e+03
1.349567999999982559e+00 2.174800408247807354e+03
1.352123999999982562e+00 2.170859189403543951e+03
1.354679999999982343e+00 2.166930072916150948e+03
1.357235999999982345e+00 2.163013033213623203e+03
1.359791999999982348e+00 2.159108044304252417e+03
1.362347999999982351e+00 2.155215079788255025e+03
1.364903999999982132e+00 2.151334112869205910e+03
1.367459999999982134e+00 2.147465116365264294e+03
1.370015999999982137e+00 2.143608062720204543e+03
1.372571999999982140e+00 2.139762924014246437e+03
1.375127999999981920e+00 2.135929671974696703e+03
1.377683999999981923e+00 2.132108277986397752e+03
1.380239999999981926e+00 2.128298713101989961e+03
1.382795999999981706e+00 2.124500948051986143e+03
1.385351999999981709e+00 2.120714953254667307e+03
1.387907999999981712e+00 2.116940698825795153e+03
1.390463999999981715e+00 2.113178154588149027e+03
1.393019999999981495e+00 2.109427290080889634e+03
1.395575999999981498e+00 2.105688074568745833e+03
1.398131999999981501e+00 2.101960477051035923e+03
1.400687999999981281e+00 2.098244466270523844e+03
1.403243999999981506e+00 2.094540010722101670e+03
1.405799999999981509e+00 2.090847078661320666e+03
1.408355999999981512e+00 2.087165638112755005e+03
1.410911999999981292e+00 2.083495656878210411e+03
1.413467999999981295e+00 2.079837102544779555e+03
1.416023999999981298e+00 2.076189942492739192e+03
1.418579999999981300e+00 2.072554143903305885e+03
1.421135999999981081e+00 2.068929673766232554e+03
1.423691999999981084e+00 2.065316498887269063e+03
1.426247999999981086e+00 2.061714585895471828e+03
1.428803999999980867e+00 2.058123901250374729e+03
1.431359999999980870e+00 2.054544411249021778e+03
1.433915999999980873e+00 2.050976082032861086e+03
1.436471999999980875e+00 2.047418879594503096e+03
1.439027999999980656e+00 2.043872769784347383e+03
1.441583999999980659e+00 2.040337718317077588e+03
1.444139999999980661e+00 2.036813690778027649e+03
1.446695999999980442e+00 2.033300652629420938e+03
1.449251999999980445e+00 2.029798569216485021e+03
1.451807999999980447e+00 2.026307405773442497e+03
1.454363999999980450e+00 2.022827127429383154e+03
1.456919999999980231e+00 2.019357699214013792e+03
1.459475999999980234e+00 2.015899086063293225e+03
1.462031999999980236e+00 2.012451252824950870e+03
1.464587999999980239e+00 2.009014164263893235e+03
1.467143999999980020e+00 2.005587785067497634e+03
1.469699999999980022e+00 2.002172079850796081e+03
1.472255999999980025e+00 1.998767013161552541e+03
1.474811999999979806e+00 1.995372549485231048e+03
1.477367999999979808e+00 1.991988653249861500e+03
1.479923999999979811e+00 1.988615288830804957e+03
1.482479999999979814e+00 1.985252420555410936e+03
1.485035999999979595e+00 1.981900012707582846e+03
1.487591999999979597e+00 1.978558029532239289e+03
1.490147999999979600e+00 1.975226435239684633e+03
1.492703999999979381e+00 1.971905194009879779e+03
1.495259999999979383e+00 1.968594269996624689e+03
1.497815999999979386e+00 1.965293627331646121e+03
1.500371999999979389e+00 1.962003230128596215e+03
1.502927999999979169e+00 1.958723042486963777e+03
1.505483999999979172e+00 1.955453028495896660e+03
1.508039999999979175e+00 1.952193152237941376e+03
1.510595999999979178e+00 1.948943377792695401e+03
1.513151999999978958e+00 1.945703669240380123e+03
1.515707999999978961e+00 1.942473990665330348e+03
1.518263999999978964e+00 1.939254306159404450e+03
1.520819999999978744e+00 1.936044579825318124e+03
1.523375999999978747e+00 1.932844775779898100e+03
1.525931999999978750e+00 1.929654858157261060e+03
1.528487999999978975e+00 1.926474791111919558e+03
1.531043999999978755e+00 1.923304538821815186e+03
1.533599999999978758e+00 1.920144065491275796e+03
1.536155999999978761e+00 1.916993335353906559e+03
1.538711999999978541e+00 1.913852312675409848e+03
1.541267999999978544e+00 1.910720961756338056e+03
1.543823999999978547e+00 1.907599246934777739e+03
1.546379999999978549e+00 1.904487132588968734e+03
1.548935999999978330e+00 1.901384583139860979e+03
1.551491999999978333e+00 1.898291563053603795e+03
1.554047999999978336e+00 1.895208036843976515e+03
1.556603999999978338e+00 1.892133969074756351e+03
1.559159999999978119e+00 1.889069324362026236e+03
1.561715999999978122e+00 1.886014067376424009e+03
1.564271999999978124e+00 1.882968162845333836e+03
1.566827999999977905e+00 1.879931575555020800e+03
1.569383999999977908e+00 1.876904270352709091e+03
1.571939999999977911e+00 1.873886212148606091e+03
1.574495999999977913e+00 1.870877365917872112e+03
1.577051999999977694e+00 1.867877696702539197e+03
1.579607999999977697e+00 1.864887169613374226e+03
1.582163999999977699e+00 1.861905749831695630e+03
1.584719999999977702e+00 1.858933402611136898e+03
1.587275999999977483e+00 1.855970093279363937e+03
1.589831999999977485e+00 1.853015787239741030e+03
1.592387999999977488e+00 1.850070449972952929e+03
1.594943999999977269e+00 1.847134047038577137e+03
1.597499999999977272e+00 1.844206544076615955e+03
1.600055999999977274e+00 1.841287906808978505e+03
1.602611999999977277e+00 1.838378101040922502e+03
1.605167999999977058e+00 1.835477092662451469e+03
1.607723999999977060e+00 1.832584847649671929e+03
1.610279999999977063e+00 1.829701332066106943e+03
1.612835999999976844e+00 1.826826512063969858e+03
1.615391999999976846e+00 1.823960353885400991e+03
1.617947999999976849e+00 1.821102823863661115e+03
1.620503999999976852e+00 1.818253888424290380e+03
1.623059999999976633e+00 1.815413514086228133e+03
1.625615999999976635e+00 1.812581667462896576e+03
1.628171999999976638e+00 1.809758315263248278e+03
1.630727999999976641e+00 1.806943424292778673e+03
1.633283999999976421e+00 1.804136961454503762e+03
1.635839999999976424e+00 1.801338893749905083e+03
1.638395999999976427e+00 1.798549188279839200e+03
1.640951999999976207e+00 1.795767812245417190e+03
1.643507999999976210e+00 1.792994732948851151e+03
1.646063999999976213e+00 1.790229917794268658e+03
1.648619999999976216e+00 1.787473334288498563e+03
1.651175999999975996e+00 1.784724950041825878e+03
1.653731999999975999e+00 1.781984732768716640e+03
1.656287999999976002e+00 1.779252650288514587e+03
1.658843999999975782e+00 1.776528670526110091e+03
1.661399999999976007e+00 1.773812761512581801e+03
1.663955999999976010e+00 1.771104891385809651e+03
1.666511999999976013e+00 1.768405028391062388e+03
1.669067999999975793e+00 1.765713140881559866e+03
1.671623999999975796e+00 1.763029197319010109e+03
1.674179999999975799e+00 1.760353166274117939e+03
1.676735999999975801e+00 1.757685016427076334e+03
1.679291999999975582e+00 1.755024716568025951e+03
1.681847999999975585e+00 1.752372235597497593e+03
1.684403999999975587e+00 1.749727542526829211e+03
1.686959999999975368e+00 1.747090606478560176e+03
1.689515999999975371e+00 1.744461396686804846e+03
1.692071999999975374e+00 1.741839882497605004e+03
1.694627999999975376e+00 1.739226033369260676e+03
1.697183999999975157e+00 1.736619818872640508e+03
1.699739999999975160e+00 1.734021208691471884e+03
1.702295999999975162e+00 1.731430172622613327e+03
1.704851999999974943e+00 1.728846680576304607e+03
1.707407999999974946e+00 1.726270702576402755e+03
1.709963999999974948e+00 1.723702208760593521e+03
1.712519999999974951e+00 1.721141169380591691e+03
1.715075999999974732e+00 1.718587554802318664e+03
1.717631999999974735e+00 1.716041335506067071e+03
1.720187999999974737e+00 1.713502482086644250e+03
1.722743999999974740e+00 1.710970965253503891e+03
1.725299999999974521e+00 1.708446755830858820e+03
1.727855999999974523e+00 1.705929824757779443e+03
1.730411999999974526e+00 1.703420143088276973e+03
1.732967999999974307e+00 1.700917681991370273e+03
1.735523999999974309e+00 1.698422412751141565e+03
1.738079999999974312e+00 1.695934306766773943e+03
1.740635999999974315e+00 1.693453335552578665e+03
1.743191999999974096e+00 1.690979470738005148e+03
1.745747999999974098e+00 1.688512684067642795e+03
1.748303999999974101e+00 1.686052947401205302e+03
1.750859999999973882e+00 1.683600232713503374e+03
1.753415999999973884e+00 1.681154512094408801e+03
1.755971999999973887e+00 1.678715757748801707e+03
1.758527999999973890e+00 1.676283941996508929e+03
1.761083999999973670e+00 1.673859037272230353e+03
1.763639999999973673e+00 1.671441016125455008e+03
1.766195999999973676e+00 1.669029851220364208e+03
1.768751999999973679e+00 1.666625515335726504e+03
1.771307999999973459e+00 1.664227981364781954e+03
1.773863999999973462e+00 1.661837222315114559e+03
1.776419999999973465e+00 1.659453211308517211e+03
1.778975999999973245e+00 1.657075921580846170e+03
1.781531999999973248e+00 1.654705326481865541e+03
1.784087999999973251e+00 1.652341399475085609e+03
1.786643999999973476e+00 1.649984114137587767e+03
1.789199999999973256e+00 1.647633444159845340e+03
1.791755999999973259e+00 1.645289363345534412e+03
1.794311999999973262e+00 1.642951845611335102e+03
1.796867999999973042e+00 1.640620864986728066e+03
1.799423999999973045e+00 1.638296395613780533e+03
1.801979999999973048e+00 1.635978411746926440e+03
1.804535999999973050e+00 1.633666887752739285e+03
1.807091999999972831e+00 1.631361798109697475e+03
1.809647999999972834e+00 1.629063117407942627e+03
1.812203999999972837e+00 1.626770820349033556e+03
1.814759999999972839e+00 1.624484881745688881e+03
1.817315999999972620e+00 1.622205276521529186e+03
1.819871999999972623e+00 1.619931979710809628e+03
1.822427999999972625e+00 1.617664966458147319e+03
1.824983999999972406e+00 1.615404212018243697e+03
1.827539999999972409e+00 1.613149691755599179e+03
1.830095999999972411e+00 1.610901381144227571e+03
1.832651999999972414e+00 1.608659255767358900e+03
1.835207999999972195e+00 1.606423291317140865e+03
1.837763999999972198e+00 1.604193463594336208e+03
1.840319999999972200e+00 1.601969748508012344e+03
1.842875999999971981e+00 1.599752122075228499e+03
1.845431999999971984e+00 1.597540560420718975e+03
1.847987999999971986e+00 1.595335039776570284e+03
1.850543999999971989e+00 1.593135536481895315e+03
1.853099999999971770e+00 1.590942026982503421e+03
1.855655999999971772e+00 1.588754487830566859e+03
1.858211999999971775e+00 1.586572895684282003e+03
1.860767999999971778e+00 1.584397227307531011e+03
1.863323999999971559e+00 1.582227459569534403e+03
1.865879999999971561e+00 1.580063569444504992e+03
1.868435999999971564e+00 1.577905534011296595e+03
1.870991999999971345e+00 1.575753330453049102e+03
1.873547999999971347e+00 1.573606936056832865e+03
1.876103999999971350e+00 1.571466328213288534e+03
1.878659999999971353e+00 1.569331484416263947e+03
1.881215999999971134e+00 1.567202382262450556e+03
1.883771999999971136e+00 1.565078999451012805e+03
1.886327999999971139e+00 1.562961313783222522e+03
1.888883999999971142e+00 1.560849303162083061e+03
1.891439999999970922e+00 1.558742945591956868e+03
1.893995999999970925e+00 1.556642219178188270e+03
1.896551999999970928e+00 1.554547102126725349e+03
1.899107999999970708e+00 1.552457572743739547e+03
1.901663999999970711e+00 1.550373609435244134e+03
1.904219999999970714e+00 1.548295190706709263e+03
1.906775999999970717e+00 1.546222295162677710e+03
1.909331999999970497e+00 1.544154901506378110e+03
1.911887999999970500e+00 1.542092988539335238e+03
1.914443999999970503e+00 1.540036535160982339e+03
1.916999999999970283e+00 1.537985520368268681e+03
1.919555999999970508e+00 1.535939923255267786e+03
1.922111999999970511e+00 1.533899723012785216e+03
1.924667999999970514e+00 1.531864898927962940e+03
1.927223999999970294e+00 1.529835430383885296e+03
1.929779999999970297e+00 1.527811296859182221e+03
1.932335999999970300e+00 1.525792477927632945e+03
1.934891999999970302e+00 1.523778953257768535e+03
1.937447999999970083e+00 1.521770702612471496e+03
1.940003999999970086e+00 1.519767705848580817e+03
1.942559999999970088e+00 1.517769942916489072e+03
1.945115999999969869e+00 1.515777393859744279e+03
1.947671999999969872e+00 1.513790038814649051e+03
1.950227999999969875e+00 1.511807858009860183e+03
1.952783999999969877e+00 1.509830831765986659e+03
1.955339999999969658e+00 1.507858940495190609e+03
1.957895999999969661e+00 1.505892164700783951e+03
1.960451999999969663e+00 1.503930484976827529e+03
1.963007999999969444e+00 1.501973882007729571e+03
1.965563999999969447e+00 1.500022336567843695e+03
1.968119999999969449e+00 1.498075829521068727e+03
1.970675999999969452e+00 1.496134341820445343e+03
1.973231999999969233e+00 1.494197854507754982e+03
1.975787999999969236e+00 1.492266348713120124e+03
1.978343999999969238e+00 1.490339805654601150e+03
1.980899999999969241e+00 1.488418206637797994e+03
1.983455999999969022e+00 1.486501533055446998e+03
1.986011999999969024e+00 1.484589766387022109e+03
1.988567999999969027e+00 1.482682888198336741e+03
1.991123999999968808e+00 1.480780880141141324e+03
1.993679999999968810e+00 1.478883723952727223e+03
1.996235999999968813e+00 1.476991401455526329e+03
1.998791999999968816e+00 1.475103894556714295e+03
2.001347999999968597e+00 1.473221185247814219e+03
2.003903999999968821e+00 1.471343255604297838e+03
2.006459999999968602e+00 1.469470087785191481e+03
2.009015999999968383e+00 1.467601664032679992e+03
2.011571999999968607e+00 1.465737966671711547e+03
2.014127999999968388e+00 1.463878978109605214e+03
2.016683999999968613e+00 1.462024680835656682e+03
2.019239999999968393e+00 1.460175057420747180e+03
2.021795999999968174e+00 1.458330090516949895e+03
2.024351999999968399e+00 1.456489762857142523e+03
2.026907999999968180e+00 1.454654057254614372e+03
2.029463999999967960e+00 1.452822956602679824e+03
2.032019999999968185e+00 1.450996443874289298e+03
2.034575999999967966e+00 1.449174502121642718e+03
2.037131999999967746e+00 1.447357114475803883e+03
2.039687999999967971e+00 1.445544264146314845e+03
2.042243999999967752e+00 1.443735934420812328e+03
2.044799999999967977e+00 1.441932108664645511e+03
2.047355999999967757e+00 1.440132770320493137e+03
2.049911999999967538e+00 1.438337902907983789e+03
2.052467999999967763e+00 1.436547490023315504e+03
2.055023999999967543e+00 1.434761515338877871e+03
2.057579999999967324e+00 1.432979962602874366e+03
2.060135999999967549e+00 1.431202815638947186e+03
2.062691999999967329e+00 1.429430058345800489e+03
2.065247999999967110e+00 1.427661674696828413e+03
2.067803999999967335e+00 1.425897648739741271e+03
2.070359999999967116e+00 1.424137964596195161e+03
2.072915999999967340e+00 1.422382606461421801e+03
2.075471999999967121e+00 1.420631558603858139e+03
2.078027999999966902e+00 1.418884805364781414e+03
2.080583999999967126e+00 1.417142331157941044e+03
2.083139999999966907e+00 1.415404120469193458e+03
2.085695999999967132e+00 1.413670157856140577e+03
2.088251999999966912e+00 1.411940427947764874e+03
2.090807999999966693e+00 1.410214915444069675e+03
2.093363999999966918e+00 1.408493605115720584e+03
2.095919999999966699e+00 1.406776481803684646e+03
2.098475999999966479e+00 1.405063530418875644e+03
2.101031999999966704e+00 1.403354735941796662e+03
2.103587999999966485e+00 1.401650083422188118e+03
2.106143999999966265e+00 1.399949557978672829e+03
2.108699999999966490e+00 1.398253144798406083e+03
2.111255999999966271e+00 1.396560829136725033e+03
2.113811999999966496e+00 1.394872596316800127e+03
2.116367999999966276e+00 1.393188431729287686e+03
2.118923999999966057e+00 1.391508320831985429e+03
2.121479999999966282e+00 1.389832249149486188e+03
2.124035999999966062e+00 1.388160202272837296e+03
2.126591999999965843e+00 1.386492165859197257e+03
2.129147999999966068e+00 1.384828125631496960e+03
2.131703999999965848e+00 1.383168067378100886e+03
2.134259999999965629e+00 1.381511976952469695e+03
2.136815999999965854e+00 1.379859840272825295e+03
2.139371999999965634e+00 1.378211643321816382e+03
2.141927999999965859e+00 1.376567372146185789e+03
2.144483999999965640e+00 1.374927012856438751e+03
2.147039999999965421e+00 1.373290551626515253e+03
2.149595999999965645e+00 1.371657974693459209e+03
2.152151999999965426e+00 1.370029268357093088e+03
2.154707999999965207e+00 1.368404418979693446e+03
2.157263999999965431e+00 1.366783412985665564e+03
2.159819999999965212e+00 1.365166236861221932e+03
2.162375999999964993e+00 1.363552877154062344e+03
2.164931999999965218e+00 1.361943320473052609e+03
2.167487999999964998e+00 1.360337553487908735e+03
2.170043999999965223e+00 1.358735562928879517e+03
2.172599999999965004e+00 1.357137335586433210e+03
2.175155999999964784e+00 1.355542858310941483e+03
2.177711999999965009e+00 1.353952118012370420e+03
2.180267999999964790e+00 1.352365101659969014e+03
2.182823999999964570e+00 1.350781796281959942e+03
2.185379999999964795e+00 1.349202188965233745e+03
2.187935999999964576e+00 1.347626266855040967e+03
2.190491999999964357e+00 1.346054017154689973e+03
2.193047999999964581e+00 1.344485427125242268e+03
2.195603999999964362e+00 1.342920484085212820e+03
2.198159999999964143e+00 1.341359175410268563e+03
2.200715999999964367e+00 1.339801488532931671e+03
2.203271999999964148e+00 1.338247410942281249e+03
2.205827999999964373e+00 1.336696930183658878e+03
2.208383999999964153e+00 1.335150033858374627e+03
2.210939999999963934e+00 1.333606709623414417e+03
2.213495999999964159e+00 1.332066945191148761e+03
2.216051999999963940e+00 1.330530728329044223e+03
2.218607999999963720e+00 1.328998046859374426e+03
2.221163999999963945e+00 1.327468888658934475e+03
2.223719999999963726e+00 1.325943241658754914e+03
2.226275999999963506e+00 1.324421093843819335e+03
2.228831999999963731e+00 1.322902433252781520e+03
2.231387999999963512e+00 1.321387247977683955e+03
2.233943999999963737e+00 1.319875526163680433e+03
2.236499999999963517e+00 1.318367256008757522e+03
2.239055999999963298e+00 1.316862425763457622e+03
2.241611999999963967e+00 1.315361023730605211e+03
2.244167999999963747e+00 1.313863038265032628e+03
2.246723999999963528e+00 1.312368457773308592e+03
2.249279999999963753e+00 1.310877270713466942e+03
2.251835999999963533e+00 1.309389465594738340e+03
2.254391999999963314e+00 1.307905030977282877e+03
2.256947999999963539e+00 1.306423955471922454e+03
2.259503999999963320e+00 1.304946227739877486e+03
2.262059999999963544e+00 1.303471836492502007e+03
2.264615999999963325e+00 1.302000770491022877e+03
2.267171999999963106e+00 1.300533018546278527e+03
2.269727999999963330e+00 1.299068569518459981e+03
2.272283999999963111e+00 1.297607412316853242e+03
2.274839999999962892e+00 1.296149535899582588e+03
2.277395999999963117e+00 1.294694929273355228e+03
2.279951999999962897e+00 1.293243581493208467e+03
2.282507999999962678e+00 1.291795481662256861e+03
2.285063999999962903e+00 1.290350618931441431e+03
2.287619999999962683e+00 1.288908982499279773e+03
2.290175999999962464e+00 1.287470561611620042e+03
2.292731999999962689e+00 1.286035345561390159e+03
2.295287999999962469e+00 1.284603323688355886e+03
2.297843999999962694e+00 1.283174485378875715e+03
2.300399999999962475e+00 1.281748820065656901e+03
2.302955999999962255e+00 1.280326317227515801e+03
2.305511999999962480e+00 1.278906966389136642e+03
2.308067999999962261e+00 1.277490757120833450e+03
2.310623999999962042e+00 1.276077679038311317e+03
2.313179999999962266e+00 1.274667721802432652e+03
2.315735999999962047e+00 1.273260875118979811e+03
2.318291999999961828e+00 1.271857128738423626e+03
2.320847999999962052e+00 1.270456472455689664e+03
2.323403999999961833e+00 1.269058896109927900e+03
2.325959999999962058e+00 1.267664389584283526e+03
2.328515999999961839e+00 1.266272942805668663e+03
2.331071999999961619e+00 1.264884545744533852e+03
2.333627999999961844e+00 1.263499188414644323e+03
2.336183999999961625e+00 1.262116860872853294e+03
2.338739999999961405e+00 1.260737553218881430e+03
2.341295999999961630e+00 1.259361255595091507e+03
2.343851999999961411e+00 1.257987958186271271e+03
2.346407999999961191e+00 1.256617651219411073e+03
2.348963999999961416e+00 1.255250324963486719e+03
2.351519999999961197e+00 1.253885969729242333e+03
2.354075999999961422e+00 1.252524575868975035e+03
2.356631999999961202e+00 1.251166133776320066e+03
2.359187999999960983e+00 1.249810633886036385e+03
2.361743999999961208e+00 1.248458066673796111e+03
2.364299999999960988e+00 1.247108422655972845e+03
2.366855999999960769e+00 1.245761692389431801e+03
2.369411999999960994e+00 1.244417866471321304e+03
2.371967999999960774e+00 1.243076935538865882e+03
2.374523999999960555e+00 1.241738890269159583e+03
2.377079999999960780e+00 1.240403721378961336e+03
2.379635999999960561e+00 1.239071419624490318e+03
2.382191999999960341e+00 1.237741975801224498e+03
2.384747999999960566e+00 1.236415380743698506e+03
2.387303999999960347e+00 1.235091625325302630e+03
2.389859999999960571e+00 1.233770700458085230e+03
2.392415999999960352e+00 1.232452597092553106e+03
2.394971999999960133e+00 1.231137306217475498e+03
2.397527999999960358e+00 1.229824818859687412e+03
2.400083999999960138e+00 1.228515126083896348e+03
2.402639999999959919e+00 1.227208218992487446e+03
2.405195999999960144e+00 1.225904088725331803e+03
2.407751999999959924e+00 1.224602726459594351e+03
2.410307999999959705e+00 1.223304123409545127e+03
2.412863999999959930e+00 1.222008270826368744e+03
2.415419999999959710e+00 1.220715159997976343e+03
2.417975999999959935e+00 1.219424782248819838e+03
2.420531999999959716e+00 1.218137128939705235e+03
2.423087999999959496e+00 1.216852191467608009e+03
2.425643999999959721e+00 1.215569961265488701e+03
2.428199999999959502e+00 1.214290429802112158e+03
2.430755999999959283e+00 1.213013588581863814e+03
2.433311999999959507e+00 1.211739429144570067e+03
2.435867999999959288e+00 1.210467943065319105e+03
2.438423999999959069e+00 1.209199121954281964e+03
2.440979999999959293e+00 1.207932957456536087e+03
2.443535999999959074e+00 1.206669441251886383e+03
2.446091999999959299e+00 1.205408565054693554e+03
2.448647999999959080e+00 1.204150320613696749e+03
2.451203999999958860e+00 1.202894699711841895e+03
2.453759999999959085e+00 1.201641694166108664e+03
2.456315999999958866e+00 1.200391295827339491e+03
2.458871999999958646e+00 1.199143496580069041e+03
2.461427999999958871e+00 1.197898288342355045e+03
2.463983999999958652e+00 1.196655663065610952e+03
2.466539999999958432e+00 1.195415612734436081e+03
2.469095999999958657e+00 1.194178129366452140e+03
2.471651999999958438e+00 1.192943205012135422e+03
2.474207999999958663e+00 1.191710831754654919e+03
2.476763999999958443e+00 1.190481001709706334e+03
2.479319999999958224e+00 1.189253707025351787e+03
2.481875999999958449e+00 1.188028939881856104e+03
2.484431999999958229e+00 1.186806692491528793e+03
2.486987999999958010e+00 1.185586957098562152e+03
2.489543999999958235e+00 1.184369725978873930e+03
2.492099999999958015e+00 1.183154991439948844e+03
2.494655999999957796e+00 1.181942745820681694e+03
2.497211999999958465e+00 1.180732981491222745e+03
2.499767999999958246e+00 1.179525690852821072e+03
2.502323999999957582e+00 1.178320866337671305e+03
2.504879999999958251e+00 1.177118500408760156e+03
2.507435999999958032e+00 1.175918585559715211e+03
2.509991999999958256e+00 1.174721114314651686e+03
2.512547999999958037e+00 1.173526079228023718e+03
2.515103999999957818e+00 1.172333472884474077e+03
2.517659999999958043e+00 1.171143287898685003e+03
2.520215999999957823e+00 1.169955516915231556e+03
2.522771999999957604e+00 1.168770152608433591e+03
2.525327999999957829e+00 1.167587187682210015e+03
2.527883999999957609e+00 1.166406614869934401e+03
2.530439999999957390e+00 1.165228426934289018e+03
2.532995999999957615e+00 1.164052616667123630e+03
2.535551999999957395e+00 1.162879176889310656e+03
2.538107999999957620e+00 1.161708100450604888e+03
2.540663999999957401e+00 1.160539380229501603e+03
2.543219999999957182e+00 1.159373009133097639e+03
2.545775999999957406e+00 1.158208980096950654e+03
2.548331999999957187e+00 1.157047286084942243e+03
2.550887999999956968e+00 1.155887920089139698e+03
2.553443999999957192e+00 1.154730875129659125e+03
2.555999999999956973e+00 1.153576144254529481e+03
2.556000000000000050e+00 1.153576144254509927e+03
