2.556000000000000112e-03 0.000000000000000000e+00
5.112000000000000224e-03 1.789002489732863780e-07
7.667999999999999469e-03 1.477321239158232628e-06
1.022400000000000045e-02 6.828713458836731178e-06
1.278000000000000143e-02 2.290992934544014951e-05
1.533600000000000067e-02 6.246820903331860744e-05
1.789200000000000165e-02 1.472018911699349004e-04
2.044800000000000090e-02 3.111853165371293085e-04
2.300400000000000014e-02 6.048261635444640355e-04
2.555999999999999939e-02 1.099341462958064019e-03
2.811599999999999863e-02 1.891736667629616286e-03
3.067199999999999441e-02 3.110270341104049568e-03
3.322800000000000059e-02 4.920385266408706937e-03
3.578399999999999637e-02 7.531085064816997986e-03
3.833999999999999908e-02 1.120173375783654370e-02
4.089600000000000180e-02 1.624925410834212811e-02
4.345200000000000451e-02 2.305569904288304675e-02
4.600800000000000722e-02 3.207616899085526802e-02
4.856400000000000994e-02 4.384704658141046207e-02
5.112000000000001265e-02 5.899451881948623161e-02
5.367600000000001537e-02 7.824335562182578585e-02
5.623200000000001808e-02 1.024259124357742995e-01
5.878800000000002079e-02 1.324913235912725251e-01
6.134400000000001657e-02 1.695148520529013991e-01
6.390000000000001235e-02 2.147073603469562275e-01
6.645600000000002894e-02 2.694248666410283266e-01
6.901200000000001777e-02 3.351781492529251616e-01
7.156800000000003437e-02 4.136423622642283471e-01
7.412400000000002320e-02 5.066666244134179209e-01
7.668000000000002592e-02 6.162835430461053310e-01
7.923600000000002863e-02 7.447186346071076324e-01
8.179200000000003135e-02 8.943996029722369734e-01
8.434800000000003406e-02 1.067965436837902571e+00
8.690400000000003677e-02 1.268275287414820429e+00
8.946000000000003949e-02 1.498417087808984416e+00
9.201600000000004220e-02 1.761715875718952828e+00
9.457200000000004492e-02 2.061741781433682252e+00
9.712800000000004763e-02 2.402317643579480855e+00
9.968400000000003647e-02 2.787526215637882832e+00
1.022400000000000531e-01 3.221716926937805425e+00
1.047960000000000419e-01 3.709512162614429620e+00
1.073520000000000585e-01 4.255813027922806135e+00
1.099080000000000473e-01 4.865804563294957141e+00
1.124640000000000639e-01 5.544960377633595172e+00
1.150200000000000528e-01 6.299046668541859795e+00
1.175760000000000693e-01 7.134125599494478998e+00
1.201320000000000582e-01 8.056558005359336860e+00
1.226880000000000748e-01 9.073005399176926389e+00
1.252440000000000497e-01 1.019043125469587707e+01
1.278000000000000524e-01 1.141610154084262696e+01
1.303560000000000552e-01 1.275758448606887185e+01
1.329120000000000579e-01 1.422274955236869687e+01
1.354680000000000606e-01 1.581976560068356186e+01
1.380240000000000633e-01 1.755709823141472015e+01
1.405800000000000660e-01 1.944350628583388385e+01
1.431360000000000965e-01 2.148803749632017812e+01
1.456920000000000714e-01 2.370002327554974286e+01
1.482480000000000742e-01 2.608907263701871315e+01
1.508040000000000769e-01 2.866506524158565483e+01
1.533600000000000796e-01 3.143814356707045121e+01
1.559160000000000823e-01 3.441870420033748701e+01
1.584720000000000850e-01 3.761738825371604378e+01
1.610280000000000877e-01 4.104507091006389174e+01
1.635840000000000904e-01 4.471285010325539844e+01
1.661400000000000932e-01 4.863203434336577402e+01
1.686960000000000959e-01 5.281412969832352644e+01
1.712520000000000986e-01 5.727082594630453372e+01
1.738080000000001013e-01 6.201398191563950490e+01
1.763640000000000763e-01 6.705561003149253452e+01
1.789200000000001067e-01 7.240786009103614163e+01
1.814760000000001094e-01 7.808300229129066850e+01
1.840320000000001122e-01 8.409340953620473158e+01
1.865880000000000871e-01 9.045153905192262300e+01
1.891440000000001176e-01 9.716991334150608850e+01
1.917000000000001203e-01 1.042611005126443047e+02
1.942560000000001230e-01 1.117376940140903230e+02
1.968120000000000980e-01 1.196122918186969031e+02
1.993680000000001007e-01 1.278974750929825461e+02
2.019240000000001312e-01 1.366057863951325544e+02
2.044800000000001339e-01 1.457497074452221000e+02
2.070360000000001366e-01 1.553416365132336807e+02
2.095920000000001115e-01 1.653938654721200123e+02
2.121480000000001420e-01 1.759185565647326825e+02
2.147040000000001447e-01 1.869277189348863146e+02
2.172600000000001474e-01 1.984331849741545284e+02
2.198160000000001224e-01 2.104465865371902851e+02
2.223720000000001529e-01 2.229793310794241279e+02
2.249280000000001556e-01 2.360425777719134715e+02
2.274840000000001583e-01 2.496472136488909825e+02
2.300400000000001333e-01 2.638038298441848610e+02
2.325960000000001360e-01 2.785226979731524466e+02
2.351520000000001664e-01 2.938137467170835180e+02
2.377080000000001692e-01 3.096865386671794340e+02
2.402640000000001441e-01 3.261502474852028968e+02
2.428200000000001468e-01 3.432136354377155385e+02
2.453760000000001773e-01 3.608850313604768871e+02
2.479320000000001800e-01 3.791723091090624393e+02
2.504880000000001550e-01 3.980828665510795190e+02
2.530440000000001577e-01 4.176236051545092209e+02
2.556000000000001604e-01 4.378009102256811502e+02
2.581560000000001631e-01 4.586206318492082801e+02
2.607120000000001658e-01 4.800880665808557524e+02
2.632680000000002241e-01 5.022079399428096167e+02
2.658240000000001713e-01 5.249843897691400798e+02
2.683800000000001740e-01 5.484209504474316645e+02
2.709360000000001767e-01 5.725205381005765730e+02
2.734920000000001794e-01 5.972854367506101880e+02
2.760480000000001821e-01 6.227172855042063020e+02
2.786040000000001848e-01 6.488170667970621253e+02
2.811600000000001875e-01 6.755850957318818928e+02
2.837160000000001903e-01 7.030210105420325135e+02
2.862720000000002485e-01 7.311237642101972369e+02
2.888280000000001957e-01 7.598916172685089805e+02
2.913840000000001984e-01 7.893221318036916045e+02
2.939400000000002011e-01 8.194121666877235839e+02
2.964960000000002038e-01 8.501578740514293031e+02
2.990520000000002065e-01 8.815546970152420272e+02
3.016080000000002093e-01 9.135973686881657159e+02
3.041640000000002120e-01 9.462799124426989010e+02
3.067200000000002147e-01 9.795956434701976150e+02
3.092760000000002174e-01 1.013537171617831177e+03
3.118320000000002201e-01 1.048096405504976929e+03
3.143880000000002228e-01 1.083264557913566023e+03
3.169440000000002255e-01 1.119032152443593759e+03
3.195000000000002283e-01 1.155389031421726031e+03
3.220560000000002310e-01 1.192324365047687024e+03
3.246120000000002337e-01 1.229826661759911531e+03
3.271680000000002364e-01 1.267883779798818750e+03
3.297240000000001836e-01 1.306482939942975690e+03
3.322800000000002418e-01 1.345610739390448771e+03
3.348360000000002445e-01 1.385253166754729591e+03
3.373920000000002473e-01 1.425395618141822069e+03
3.399480000000002500e-01 1.466022914272399248e+03
3.425040000000002527e-01 1.507119318610348046e+03
3.450600000000002554e-01 1.548668556456596889e+03
3.476160000000002581e-01 1.590653834964795578e+03
3.501720000000002608e-01 1.633057864033254191e+03
3.527280000000002080e-01 1.675862878025536475e+03
3.552840000000002663e-01 1.719050658270229860e+03
3.578400000000002690e-01 1.762602556288716414e+03
3.603960000000002717e-01 1.806499517698239515e+03
3.629520000000002744e-01 1.850722106736181559e+03
3.655080000000002771e-01 1.895250531350282245e+03
3.680640000000002798e-01 1.940064668798508364e+03
3.706200000000002825e-01 1.985144091701443585e+03
3.731760000000002298e-01 2.030468094489404166e+03
3.757320000000002880e-01 2.076015720186007002e+03
3.782880000000002907e-01 2.121765787469611496e+03
3.808440000000002934e-01 2.167696917953931006e+03
3.834000000000002961e-01 2.213787563629161923e+03
3.859560000000002988e-01 2.260016034405199662e+03
3.885120000000003015e-01 2.306360525698917627e+03
3.910680000000003043e-01 2.352799146008027947e+03
3.936240000000002515e-01 2.399309944414795609e+03
3.961800000000002542e-01 2.445870937963740744e+03
3.987360000000003124e-01 2.492460138858509708e+03
4.012920000000003151e-01 2.539055581424274806e+03
4.038480000000003178e-01 2.585635348783356676e+03
4.064040000000003205e-01 2.632177599193206788e+03
4.089600000000003233e-01 2.678660591997476331e+03
4.115160000000003260e-01 2.725062713142609482e+03
4.140720000000002732e-01 2.771362500214181182e+03
4.166280000000002759e-01 2.817538666949153594e+03
4.191840000000002786e-01 2.863570127182199485e+03
4.217400000000003368e-01 2.909436018186342608e+03
4.242960000000003395e-01 2.955115723370339765e+03
4.268520000000003423e-01 3.000588894297453862e+03
4.294080000000003450e-01 3.045835471992564180e+03
4.319640000000003477e-01 3.090835707506896597e+03
4.345200000000003504e-01 3.135570181712042540e+03
4.370760000000002976e-01 3.180019824297344712e+03
4.396320000000003003e-01 3.224165931947149147e+03
4.421880000000003030e-01 3.267990185676894271e+03
4.447440000000003613e-01 3.311474667309433698e+03
4.473000000000003640e-01 3.354601875075440148e+03
4.498560000000003667e-01 3.397354738324194841e+03
4.524120000000003694e-01 3.439716631333442365e+03
4.549680000000003721e-01 3.481671386209423417e+03
4.575240000000003193e-01 3.523203304870509328e+03
4.600800000000003220e-01 3.564297170110206480e+03
4.626360000000003248e-01 3.604938255737540658e+03
4.651920000000003275e-01 3.645112335795053696e+03
4.677480000000003857e-01 3.684805692856787118e+03
4.703040000000003884e-01 3.724005125410725668e+03
4.728600000000003911e-01 3.762697954332165409e+03
4.754160000000003938e-01 3.800872028456427870e+03
4.779720000000003410e-01 3.838515729261216165e+03
4.805280000000003437e-01 3.875617974670648437e+03
4.830840000000003465e-01 3.912168221994741543e+03
4.856400000000003492e-01 3.948156470019704557e+03
4.881960000000003519e-01 3.983573260265905901e+03
4.907520000000004101e-01 4.018409677431834098e+03
4.933080000000004128e-01 4.052657349043668546e+03
4.958640000000004155e-01 4.086308444331331430e+03
4.984200000000004183e-01 4.119355672353026421e+03
5.009760000000004210e-01 4.151792279391316697e+03
5.035320000000004237e-01 4.183612045644727914e+03
5.060880000000004264e-01 4.214809281239743541e+03
5.086440000000004291e-01 4.245378821588785286e+03
5.112000000000003208e-01 4.275316022120447087e+03
5.137560000000003235e-01 4.304616752408855064e+03
5.163120000000002152e-01 4.333277389729434617e+03
5.188680000000001069e-01 4.361294812068844294e+03
5.214240000000001096e-01 4.388666390617068828e+03
5.239800000000000013e-01 4.415389981769940277e+03
5.265360000000000040e-01 4.441463918670457133e+03
5.290920000000000067e-01 4.466887002317364022e+03
5.316480000000000095e-01 4.491658492269408271e+03
5.342039999999999011e-01 4.515778096973643187e+03
5.367599999999997928e-01 4.539245963745945119e+03
5.393159999999997956e-01 4.562062668431725797e+03
5.418719999999996872e-01 4.584229204774517711e+03
5.444279999999996900e-01 4.605746973519765561e+03
5.469839999999995817e-01 4.626617771280764828e+03
5.495399999999995844e-01 4.646843779193213777e+03
5.520959999999994761e-01 4.666427551384369508e+03
5.546519999999994788e-01 4.685372003282241167e+03
5.572079999999993705e-01 4.703680399789638614e+03
5.597639999999992622e-01 4.721356343347315487e+03
5.623199999999992649e-01 4.738403761909736204e+03
5.648759999999991566e-01 4.754826896856329768e+03
5.674319999999991593e-01 4.770630290860371133e+03
5.699879999999990510e-01 4.785818775736865973e+03
5.725439999999990537e-01 4.800397460290069830e+03
5.750999999999989454e-01 4.814371718180472271e+03
5.776559999999989481e-01 4.827747175830286324e+03
5.802119999999988398e-01 4.840529700385663091e+03
5.827679999999987315e-01 4.852725387753031100e+03
5.853239999999987342e-01 4.864340550726143192e+03
5.878799999999986259e-01 4.875381707219561576e+03
5.904359999999986286e-01 4.885855568623507679e+03
5.929919999999985203e-01 4.895769028294132113e+03
5.955479999999986340e-01 4.905129150192472480e+03
5.981039999999985257e-01 4.913943157684520884e+03
6.006599999999985284e-01 4.922218422514010854e+03
6.032159999999984201e-01 4.929962453958718470e+03
6.057719999999983118e-01 4.937182888180312148e+03
6.083279999999983145e-01 4.943887477776961532e+03
6.108839999999982062e-01 4.950084081547159258e+03
6.134399999999982089e-01 4.955780654472487186e+03
6.159959999999981006e-01 4.960985237926278387e+03
6.185519999999981033e-01 4.965705950114444022e+03
6.211079999999979950e-01 4.969950976754004841e+03
6.236639999999979977e-01 4.973728561994229494e+03
6.262199999999978894e-01 4.977046999584579680e+03
6.287759999999977811e-01 4.979914624293061024e+03
6.313319999999977838e-01 4.982339803577928251e+03
6.338879999999976755e-01 4.984330929515154821e+03
6.364439999999976783e-01 4.985896410983447822e+03
6.389999999999975699e-01 4.987044666108078673e+03
6.415559999999975727e-01 4.987784114964279070e+03
6.441119999999974644e-01 4.988123172540425003e+03
6.466679999999974671e-01 4.988070241960794192e+03
6.492239999999973588e-01 4.987633707967187547e+03
6.517799999999972504e-01 4.986821930658319616e+03
6.543359999999972532e-01 4.985643239485438244e+03
6.568919999999971449e-01 4.984105927502278973e+03
6.594479999999972586e-01 4.982218245867090445e+03
6.620039999999971503e-01 4.979988398594115097e+03
6.645599999999971530e-01 4.977424537551630237e+03
6.671159999999970447e-01 4.974534757703321702e+03
6.696719999999970474e-01 4.971327092589503991e+03
6.722279999999969391e-01 4.967809510044472518e+03
6.747839999999968308e-01 4.963989908146001653e+03
6.773399999999968335e-01 4.959876111392810344e+03
6.798959999999967252e-01 4.955475867105647922e+03
6.824519999999967279e-01 4.950796842047421706e+03
6.850079999999966196e-01 4.945846619257688872e+03
6.875639999999966223e-01 4.940632695096675889e+03
6.901199999999965140e-01 4.935162476493834220e+03
6.926759999999965167e-01 4.929443278395904599e+03
6.952319999999964084e-01 4.923482321409301221e+03
6.977879999999963001e-01 4.917286729631596245e+03
7.003439999999963028e-01 4.910863528666805905e+03
7.028999999999961945e-01 4.904219643819138582e+03
7.054559999999961972e-01 4.897361898459818804e+03
7.080119999999960889e-01 4.890297012561591146e+03
7.105679999999960916e-01 4.883031601395497091e+03
7.131239999999959833e-01 4.875572174384499704e+03
7.156799999999959860e-01 4.867925134108560997e+03
7.182359999999958777e-01 4.860096775455791430e+03
7.207919999999957694e-01 4.852093284914305514e+03
7.233479999999958832e-01 4.843920739999488433e+03
7.259039999999957748e-01 4.835585108811379541e+03
7.284599999999957776e-01 4.827092249716963124e+03
7.310159999999956693e-01 4.818447911152223242e+03
7.335719999999956720e-01 4.809657731538847656e+03
7.361279999999955637e-01 4.800727239310575897e+03
7.386839999999955664e-01 4.791661853044241070e+03
7.412399999999954581e-01 4.782466881690661467e+03
7.437959999999953498e-01 4.773147524900586177e+03
7.463519999999953525e-01 4.763708873441039941e+03
7.489079999999952442e-01 4.754155909697453353e+03
7.514639999999952469e-01 4.744493508257108260e+03
7.540199999999951386e-01 4.734726436569513680e+03
7.565759999999951413e-01 4.724859355679397595e+03
7.591319999999950330e-01 4.714896821028177328e+03
7.616879999999950357e-01 4.704843283319793045e+03
7.642439999999949274e-01 4.694703089446966260e+03
7.667999999999949301e-01 4.684480483474020730e+03
7.693559999999948218e-01 4.674179607672514067e+03
7.719119999999947135e-01 4.663804503606049366e+03
7.744679999999947162e-01 4.653359113260744380e+03
7.770239999999946079e-01 4.642847280217940352e+03
7.795799999999946106e-01 4.632272750865851776e+03
7.821359999999945023e-01 4.621639175646963849e+03
7.846919999999945050e-01 4.610950110338092600e+03
7.872479999999943967e-01 4.600209017360145481e+03
7.898039999999945104e-01 4.589419267114702052e+03
7.923599999999944021e-01 4.578584139344667165e+03
7.949159999999942938e-01 4.567706824516350025e+03
7.974719999999942965e-01 4.556790425220399811e+03
8.000279999999941882e-01 4.545837957589183134e+03
8.025839999999941909e-01 4.534852352728238657e+03
8.051399999999940826e-01 4.523836458159566973e+03
8.076959999999940853e-01 4.512793039274626608e+03
8.102519999999939770e-01 4.501724780794967046e+03
8.128079999999939798e-01 4.490634288238550653e+03
8.153639999999938714e-01 4.479524089389906294e+03
8.179199999999937631e-01 4.468396635772332957e+03
8.204759999999937659e-01 4.457254304120462621e+03
8.230319999999936575e-01 4.446099397851601680e+03
8.255879999999936603e-01 4.434934148534311134e+03
8.281439999999935520e-01 4.423760717352806751e+03
8.306999999999935547e-01 4.412581196565812206e+03
8.332559999999934464e-01 4.401397610958595578e+03
8.358119999999934491e-01 4.390211919286968623e+03
8.383679999999933408e-01 4.379026015712138360e+03
8.409239999999932325e-01 4.367841731225324111e+03
8.434799999999932352e-01 4.356660835061165926e+03
8.460359999999931269e-01 4.345485036098975797e+03
8.485919999999931296e-01 4.334315984250984002e+03
8.511479999999930213e-01 4.323155271836761131e+03
8.537039999999931350e-01 4.312004434943076376e+03
8.562599999999930267e-01 4.300864954768505413e+03
8.588159999999930294e-01 4.289738258952147589e+03
8.613719999999929211e-01 4.278625722885872165e+03
8.639279999999928128e-01 4.267528671009561549e+03
8.664839999999928155e-01 4.256448378088883146e+03
8.690399999999927072e-01 4.245386070475119595e+03
8.715959999999927099e-01 4.234342927346706347e+03
8.741519999999926016e-01 4.223320081932100948e+03
8.767079999999926043e-01 4.212318622713683908e+03
8.792639999999924960e-01 4.201339594612420115e+03
8.818199999999924987e-01 4.190384000153056149e+03
8.843759999999923904e-01 4.179452800609644328e+03
8.869319999999922821e-01 4.168546917131247028e+03
8.894879999999922848e-01 4.157667231847673065e+03
8.920439999999921765e-01 4.146814588955160616e+03
8.945999999999921792e-01 4.135989795781926659e+03
8.971559999999920709e-01 4.125193623833545644e+03
8.997119999999920736e-01 4.114426809818136462e+03
9.022679999999919653e-01 4.103690056651358645e+03
9.048239999999919680e-01 4.092984034441265521e+03
9.073799999999918597e-01 4.082309381453043443e+03
9.099359999999917514e-01 4.071666705053729856e+03
9.124919999999917541e-01 4.061056582636983876e+03
9.150479999999916458e-01 4.050479562528037604e+03
9.176039999999917596e-01 4.039936164868939159e+03
9.201599999999916513e-01 4.029426882484234739e+03
9.227159999999916540e-01 4.018952181727256630e+03
9.252719999999915457e-01 4.008512503307169482e+03
9.278279999999915484e-01 3.998108263096974497e+03
9.303839999999914401e-01 3.987739852922662521e+03
9.329399999999913318e-01 3.977407641333712945e+03
9.354959999999913345e-01 3.967111974355172606e+03
9.380519999999912262e-01 3.956853176221517970e+03
9.406079999999912289e-01 3.946631550092555699e+03
9.431639999999911206e-01 3.936447378751583983e+03
9.457199999999911233e-01 3.926300925286076563e+03
9.482759999999910150e-01 3.916192433751132739e+03
9.508319999999910177e-01 3.906122129815959852e+03
9.533879999999909094e-01 3.896090221393648790e+03
9.559439999999908011e-01 3.886096899254508116e+03
9.584999999999908038e-01 3.876142337623237836e+03
9.610559999999906955e-01 3.866226694760204282e+03
9.636119999999906982e-01 3.856350113527103531e+03
9.661679999999905899e-01 3.846512721937293009e+03
9.687239999999905926e-01 3.836714633691057315e+03
9.712799999999904843e-01 3.826955948696115684e+03
9.738359999999904870e-01 3.817236753573627084e+03
9.763919999999903787e-01 3.807557122149993120e+03
9.789479999999902704e-01 3.797917115934737467e+03
9.815039999999903841e-01 3.788316784584741526e+03
9.840599999999902758e-01 3.778756166355115511e+03
9.866159999999902785e-01 3.769235288536999178e+03
9.891719999999901702e-01 3.759754167882549609e+03
9.917279999999901730e-01 3.750312811017417971e+03
9.942839999999900646e-01 3.740911214840969478e+03
9.968399999999900674e-01 3.731549366914534858e+03
9.993959999999899591e-01 3.722227245837959344e+03
1.001951999999989740e+00 3.712944821614713874e+03
1.004507999999989742e+00 3.703702056005847226e+03
1.007063999999989745e+00 3.694498902873026054e+03
1.009619999999989748e+00 3.685335308510937466e+03
1.012175999999989529e+00 3.676211211969302440e+03
1.014731999999989753e+00 3.667126545364759295e+03
1.017287999999989534e+00 3.658081234182862772e+03
1.019843999999989537e+00 3.649075197570451110e+03
1.022399999999989539e+00 3.640108348618623040e+03
1.024955999999989542e+00 3.631180594636556634e+03
1.027511999999989545e+00 3.622291837416424187e+03
1.030067999999989325e+00 3.613441973489611883e+03
1.032623999999989328e+00 3.604630894374496165e+03
1.035179999999989331e+00 3.595858486815980086e+03
1.037735999999989334e+00 3.587124633017026554e+03
1.040291999999989336e+00 3.578429210862397667e+03
1.042847999999989117e+00 3.569772094134809777e+03
1.045403999999989120e+00 3.561153152723720268e+03
1.047959999999989122e+00 3.552572252826943441e+03
1.050515999999988903e+00 3.544029257145303745e+03
1.053071999999988906e+00 3.535524025070514654e+03
1.055627999999988909e+00 3.527056412866477331e+03
1.058183999999988911e+00 3.518626273844193747e+03
1.060739999999988692e+00 3.510233458530471580e+03
1.063295999999988695e+00 3.501877814830603711e+03
1.065851999999988697e+00 3.493559188185199218e+03
1.068407999999988700e+00 3.485277421721335031e+03
1.070963999999988481e+00 3.477032356398204684e+03
1.073519999999988483e+00 3.468823831147418787e+03
1.076075999999988486e+00 3.460651683008125019e+03
1.078631999999988267e+00 3.452515747257102703e+03
1.081187999999988270e+00 3.444415857533984308e+03
1.083743999999988272e+00 3.436351845961754861e+03
1.086299999999988275e+00 3.428323543262674320e+03
1.088855999999988056e+00 3.420330778869766618e+03
1.091411999999988058e+00 3.412373381034010890e+03
1.093967999999988061e+00 3.404451176927374490e+03
1.096523999999987842e+00 3.396563992741818765e+03
1.099079999999987844e+00 3.388711653784397186e+03
1.101635999999987847e+00 3.380893984568589985e+03
1.104191999999987850e+00 3.373110808901974451e+03
1.106747999999987631e+00 3.365361949970368642e+03
1.109303999999987633e+00 3.357647230418549952e+03
1.111859999999987636e+00 3.349966472427669487e+03
1.114415999999987639e+00 3.342319497789467732e+03
1.116971999999987419e+00 3.334706127977398410e+03
1.119527999999987422e+00 3.327126184214762361e+03
1.122083999999987425e+00 3.319579487539954243e+03
1.124639999999987205e+00 3.312065858868918895e+03
1.127195999999987208e+00 3.304585119054909683e+03
1.129751999999987211e+00 3.297137088945643882e+03
1.132307999999987214e+00 3.289721589437944203e+03
1.134863999999986994e+00 3.282338441529948341e+03
1.137419999999986997e+00 3.274987466370982474e+03
1.139975999999987222e+00 3.267668485309161952e+03
1.142531999999986780e+00 3.260381319936818727e+03
1.145087999999987005e+00 3.253125792133820141e+03
1.147643999999987008e+00 3.245901724108852250e+03
1.150199999999987011e+00 3.238708938438750010e+03
1.152755999999986791e+00 3.231547258105937999e+03
1.155311999999986794e+00 3.224416506534046221e+03
1.157867999999986797e+00 3.217316507621778328e+03
1.160423999999986799e+00 3.210247085775080905e+03
1.162979999999986580e+00 3.203208065937692936e+03
1.165535999999986583e+00 3.196199273620118674e+03
1.168091999999986585e+00 3.189220534927092103e+03
1.170647999999986366e+00 3.182271676583592125e+03
1.173203999999986369e+00 3.175352525959448030e+03
1.175759999999986372e+00 3.168462911092605736e+03
1.178315999999986374e+00 3.161602660711093904e+03
1.180871999999986155e+00 3.154771604253740861e+03
1.183427999999986158e+00 3.147969571889699637e+03
1.185983999999986160e+00 3.141196394536810658e+03
1.188539999999985941e+00 3.134451903878861231e+03
1.191095999999985944e+00 3.127735932381779094e+03
1.193651999999985946e+00 3.121048313308801426e+03
1.196207999999985949e+00 3.114388880734661143e+03
1.198763999999985730e+00 3.107757469558825960e+03
1.201319999999985733e+00 3.101153915517837959e+03
1.203875999999985735e+00 3.094578055196773676e+03
1.206431999999985738e+00 3.088029726039874276e+03
1.208987999999985519e+00 3.081508766360374011e+03
1.211543999999985521e+00 3.075015015349561963e+03
1.214099999999985524e+00 3.068548313085102109e+03
1.216655999999985305e+00 3.062108500538649878e+03
1.219211999999985307e+00 3.055695419582792056e+03
1.221767999999985310e+00 3.049308912997340485e+03
1.224323999999985313e+00 3.042948824474998219e+03
1.226879999999985094e+00 3.036614998626439046e+03
1.229435999999985096e+00 3.030307280984812678e+03
1.231991999999985099e+00 3.024025518009706957e+03
1.234547999999984880e+00 3.017769557090590752e+03
1.237103999999984882e+00 3.011539246549759810e+03
1.239659999999984885e+00 3.005334435644799669e+03
1.242215999999984888e+00 2.999154974570607465e+03
1.244771999999984669e+00 2.993000714460966719e+03
1.247327999999984671e+00 2.986871507389715134e+03
1.249883999999984674e+00 2.980767206371514021e+03
1.252439999999984677e+00 2.974687665362244388e+03
1.254995999999984457e+00 2.968632739259039226e+03
1.257551999999984460e+00 2.962602283899976101e+03
1.260107999999984463e+00 2.956596156063441867e+03
1.262663999999984243e+00 2.950614213467191348e+03
1.265219999999984246e+00 2.944656314767103140e+03
1.267775999999984249e+00 2.938722319555661670e+03
1.270331999999984474e+00 2.932812088360168673e+03
1.272887999999984254e+00 2.926925482640702739e+03
1.275443999999984257e+00 2.921062364787836941e+03
1.277999999999984260e+00 2.915222598120130442e+03
1.280555999999984262e+00 2.909406046881404109e+03
1.283111999999984043e+00 2.903612576237806479e+03
1.285667999999984046e+00 2.897842052274693287e+03
1.288223999999984049e+00 2.892094341993319631e+03
1.290779999999983829e+00 2.886369313307359334e+03
1.293335999999983832e+00 2.880666835039263333e+03
1.295891999999983835e+00 2.874986776916461622e+03
1.298447999999983837e+00 2.869329009567421963e+03
1.301003999999983618e+00 2.863693404517572617e+03
1.303559999999983621e+00 2.858079834185095933e+03
1.306115999999983623e+00 2.852488171876602337e+03
1.308671999999983404e+00 2.846918291782693359e+03
1.311227999999983407e+00 2.841370068973417347e+03
1.313783999999983410e+00 2.835843379393627401e+03
1.316339999999983412e+00 2.830338099858250644e+03
1.318895999999983193e+00 2.824854108047466980e+03
1.321451999999983196e+00 2.819391282501816022e+03
1.324007999999983198e+00 2.813949502617224425e+03
1.326563999999983201e+00 2.808528648639969560e+03
1.329119999999982982e+00 2.803128601661580888e+03
1.331675999999982984e+00 2.797749243613681756e+03
1.334231999999982987e+00 2.792390457262783002e+03
1.336787999999982768e+00 2.787052126205027889e+03
1.339343999999982771e+00 2.781734134860891572e+03
1.341899999999982773e+00 2.776436368469848276e+03
1.344455999999982776e+00 2.771158713084995270e+03
1.347011999999982557e+00 2.765901055567656840e+03
1.349567999999982559e+00 2.760663283581952783e+03
1.352123999999982562e+00 2.755445285589347350e+03
1.354679999999982343e+00 2.750246950843179548e+03
1.357235999999982345e+00 2.745068169383174791e+03
1.359791999999982348e+00 2.739908832029945188e+03
1.362347999999982351e+00 2.734768830379476185e+03
1.364903999999982132e+00 2.729648056797609115e+03
1.367459999999982134e+00 2.724546404414518747e+03
1.370015999999982137e+00 2.719463767119183103e+03
1.372571999999982140e+00 2.714400039553861461e+03
1.375127999999981920e+00 2.709355117108565537e+03
1.377683999999981923e+00 2.704328895915544308e+03
1.380239999999981926e+00 2.699321272843768838e+03
1.382795999999981706e+00 2.694332145493425742e+03
1.385351999999981709e+00 2.689361412190428382e+03
1.387907999999981712e+00 2.684408971980928072e+03
1.390463999999981715e+00 2.679474724625850286e+03
1.393019999999981495e+00 2.674558570595439051e+03
1.395575999999981498e+00 2.669660411063822721e+03
1.398131999999981501e+00 2.664780147903592933e+03
1.400687999999981281e+00 2.659917683680410391e+03
1.403243999999981506e+00 2.655072921647622934e+03
1.405799999999981509e+00 2.650245765740913157e+03
1.408355999999981512e+00 2.645436120572963773e+03
1.410911999999981292e+00 2.640643891428151619e+03
1.413467999999981295e+00 2.635868984257260763e+03
1.416023999999981298e+00 2.631111305672230174e+03
1.418579999999981300e+00 2.626370762940920031e+03
1.421135999999981081e+00 2.621647263981909873e+03
1.423691999999981084e+00 2.616940717359325390e+03
1.426247999999981086e+00 2.612251032277693412e+03
1.428803999999980867e+00 2.607578118576827364e+03
1.431359999999980870e+00 2.602921886726741832e+03
1.433915999999980873e+00 2.598282247822600766e+03
1.436471999999980875e+00 2.593659113579692075e+03
1.439027999999980656e+00 2.589052396328442683e+03
1.441583999999980659e+00 2.584462009009455869e+03
1.444139999999980661e+00 2.579887865168590452e+03
1.446695999999980442e+00 2.575329878952068157e+03
1.449251999999980445e+00 2.570787965101613736e+03
1.451807999999980447e+00 2.566262038949632370e+03
1.454363999999980450e+00 2.561752016414421178e+03
1.456919999999980231e+00 2.557257813995409833e+03
1.459475999999980234e+00 2.552779348768442560e+03
1.462031999999980236e+00 2.548316538381089231e+03
1.464587999999980239e+00 2.543869301047995123e+03
1.467143999999980020e+00 2.539437555546264321e+03
1.469699999999980022e+00 2.535021221210877229e+03
1.472255999999980025e+00 2.530620217930144463e+03
1.474811999999979806e+00 2.526234466141196663e+03
1.477367999999979808e+00 2.521863886825507961e+03
1.479923999999979811e+00 2.517508401504454469e+03
1.482479999999979814e+00 2.513167932234913224e+03
1.485035999999979595e+00 2.508842401604886163e+03
1.487591999999979597e+00 2.504531732729171836e+03
1.490147999999979600e+00 2.500235849245062127e+03
1.492703999999979381e+00 2.495954675308081278e+03
1.495259999999979383e+00 2.491688135587753550e+03
1.497815999999979386e+00 2.487436155263414093e+03
1.500371999999979389e+00 2.483198660020046646e+03
1.502927999999979169e+00 2.478975576044161699e+03
1.505483999999979172e+00 2.474766830019707413e+03
1.508039999999979175e+00 2.470572349124013272e+03
1.510595999999979178e+00 2.466392061023774204e+03
1.513151999999978958e+00 2.462225893871061544e+03
1.515707999999978961e+00 2.458073776299373549e+03
1.518263999999978964e+00 2.453935637419717750e+03
1.520819999999978744e+00 2.449811406816728777e+03
1.523375999999978747e+00 2.445701014544818008e+03
1.525931999999978750e+00 2.441604391124357335e+03
1.528487999999978975e+00 2.437521467537898388e+03
1.531043999999978755e+00 2.433452175226421787e+03
1.533599999999978758e+00 2.429396446085620937e+03
1.536155999999978761e+00 2.425354212462218584e+03
1.538711999999978541e+00 2.421325407150316096e+03
1.541267999999978544e+00 2.417309963387775497e+03
1.543823999999978547e+00 2.413307814852630599e+03
1.546379999999978549e+00 2.409318895659535428e+03
1.548935999999978330e+00 2.405343140356240838e+03
1.551491999999978333e+00 2.401380483920101142e+03
1.554047999999978336e+00 2.397430861754617126e+03
1.556603999999978338e+00 2.393494209686003160e+03
1.559159999999978119e+00 2.389570463959793869e+03
1.561715999999978122e+00 2.385659561237472644e+03
1.564271999999978124e+00 2.381761438593136518e+03
1.566827999999977905e+00 2.377876033510186971e+03
1.569383999999977908e+00 2.374003283878055754e+03
1.571939999999977911e+00 2.370143127988953893e+03
1.574495999999977913e+00 2.366295504534654810e+03
1.577051999999977694e+00 2.362460352603306092e+03
1.579607999999977697e+00 2.358637611676268079e+03
1.582163999999977699e+00 2.354827221624982940e+03
1.584719999999977702e+00 2.351029122707869647e+03
1.587275999999977483e+00 2.347243255567253073e+03
1.589831999999977485e+00 2.343469561226311725e+03
1.592387999999977488e+00 2.339707981086064137e+03
1.594943999999977269e+00 2.335958456922370715e+03
1.597499999999977272e+00 2.332220930882974699e+03
1.600055999999977274e+00 2.328495345484560403e+03
1.602611999999977277e+00 2.324781643609845105e+03
1.605167999999977058e+00 2.321079768504692311e+03
1.607723999999977060e+00 2.317389663775254576e+03
1.610279999999977063e+00 2.313711273385141340e+03
1.612835999999976844e+00 2.310044541652612679e+03
1.615391999999976846e+00 2.306389413247797165e+03
1.617947999999976849e+00 2.302745833189937457e+03
1.620503999999976852e+00 2.299113746844659545e+03
1.623059999999976633e+00 2.295493099921265639e+03
1.625615999999976635e+00 2.291883838470055252e+03
1.628171999999976638e+00 2.288285908879666749e+03
1.630727999999976641e+00 2.284699257874445266e+03
1.633283999999976421e+00 2.281123832511834280e+03
1.635839999999976424e+00 2.277559580179789009e+03
1.638395999999976427e+00 2.274006448594218000e+03
1.640951999999976207e+00 2.270464385796441093e+03
1.643507999999976210e+00 2.266933340150676031e+03
1.646063999999976213e+00 2.263413260341545993e+03
1.648619999999976216e+00 2.259904095371608946e+03
1.651175999999975996e+00 2.256405794558910202e+03
1.653731999999975999e+00 2.252918307534557698e+03
1.656287999999976002e+00 2.249441584240315933e+03
1.658843999999975782e+00 2.245975574926227182e+03
1.661399999999976007e+00 2.242520230148248629e+03
1.663955999999976010e+00 2.239075500765914512e+03
1.666511999999976013e+00 2.235641337940017820e+03
1.669067999999975793e+00 2.232217693130313364e+03
1.671623999999975796e+00 2.228804518093239949e+03
1.674179999999975799e+00 2.225401764879665734e+03
1.676735999999975801e+00 2.222009385832652697e+03
1.679291999999975582e+00 2.218627333585238830e+03
1.681847999999975585e+00 2.215255561058243984e+03
1.684403999999975587e+00 2.211894021458092993e+03
1.686959999999975368e+00 2.208542668274659263e+03
1.689515999999975371e+00 2.205201455279126549e+03
1.692071999999975374e+00 2.201870336521872559e+03
1.694627999999975376e+00 2.198549266330366208e+03
1.697183999999975157e+00 2.195238199307088507e+03
1.699739999999975160e+00 2.191937090327472561e+03
1.702295999999975162e+00 2.188645894537854474e+03
1.704851999999974943e+00 2.185364567353452003e+03
1.707407999999974946e+00 2.182093064456355478e+03
1.709963999999974948e+00 2.178831341793536922e+03
1.712519999999974951e+00 2.175579355574877809e+03
1.715075999999974732e+00 2.172337062271216382e+03
1.717631999999974735e+00 2.169104418612405425e+03
1.720187999999974737e+00 2.165881381585397321e+03
1.722743999999974740e+00 2.162667908432335480e+03
1.725299999999974521e+00 2.159463956648670774e+03
1.727855999999974523e+00 2.156269483981289341e+03
1.730411999999974526e+00 2.153084448426659492e+03
1.732967999999974307e+00 2.149908808228994076e+03
1.735523999999974309e+00 2.146742521878429216e+03
1.738079999999974312e+00 2.143585548109218053e+03
1.740635999999974315e+00 2.140437845897942225e+03
1.743191999999974096e+00 2.137299374461736534e+03
1.745747999999974098e+00 2.134170093256529981e+03
1.748303999999974101e+00 2.131049961975305450e+03
1.750859999999973882e+00 2.127938940546367121e+03
1.753415999999973884e+00 2.124836989131631071e+03
1.755971999999973887e+00 2.121744068124924070e+03
1.758527999999973890e+00 2.118660138150303737e+03
1.761083999999973670e+00 2.115585160060384624e+03
1.763639999999973673e+00 2.112519094934689292e+03
1.766195999999973676e+00 2.109461904078003045e+03
1.768751999999973679e+00 2.106413549018750928e+03
1.771307999999973459e+00 2.103373991507384289e+03
1.773863999999973462e+00 2.100343193514783707e+03
1.776419999999973465e+00 2.097321117230673735e+03
1.778975999999973245e+00 2.094307725062051759e+03
1.781531999999973248e+00 2.091302979631630478e+03
1.784087999999973251e+00 2.088306843776295864e+03
1.786643999999973476e+00 2.085319280545573292e+03
1.789199999999973256e+00 2.082340253200112784e+03
1.791755999999973259e+00 2.079369725210181059e+03
1.794311999999973262e+00 2.076407660254172242e+03
1.796867999999973042e+00 2.073454022217125384e+03
1.799423999999973045e+00 2.070508775189261996e+03
1.801979999999973048e+00 2.067571883464528128e+03
1.804535999999973050e+00 2.064643311539153729e+03
1.807091999999972831e+00 2.061723024110222013e+03
1.809647999999972834e+00 2.058810986074253833e+03
1.812203999999972837e+00 2.055907162525798867e+03
1.814759999999972839e+00 2.053011518756044552e+03
1.817315999999972620e+00 2.050124020251431375e+03
1.819871999999972623e+00 2.047244632692285222e+03
1.822427999999972625e+00 2.044373321951455409e+03
1.824983999999972406e+00 2.041510054092967948e+03
1.827539999999972409e+00 2.038654795370690863e+03
1.830095999999972411e+00 2.035807512227006782e+03
1.832651999999972414e+00 2.032968171291499630e+03
1.835207999999972195e+00 2.030136739379651999e+03
1.837763999999972198e+00 2.027313183491551172e+03
1.840319999999972200e+00 2.024497470810610139e+03
1.842875999999971981e+00 2.021689568702293855e+03
1.845431999999971984e+00 2.018889444712860950e+03
1.847987999999971986e+00 2.016097066568113405e+03
1.850543999999971989e+00 2.013312402172155089e+03
1.853099999999971770e+00 2.010535419606165760e+03
1.855655999999971772e+00 2.007766087127178707e+03
1.858211999999971775e+00 2.005004373166873393e+03
1.860767999999971778e+00 2.002250246330376058e+03
1.863323999999971559e+00 1.999503675395068967e+03
1.865879999999971561e+00 1.996764629309413067e+03
1.868435999999971564e+00 1.994033077191776101e+03
1.870991999999971345e+00 1.991308988329273916e+03
1.873547999999971347e+00 1.988592332176617901e+03
1.876103999999971350e+00 1.985883078354974941e+03
1.878659999999971353e+00 1.983181196650834636e+03
1.881215999999971134e+00 1.980486657014886305e+03
1.883771999999971136e+00 1.977799429560905310e+03
1.886327999999971139e+00 1.975119484564649156e+03
1.888883999999971142e+00 1.972446792462760186e+03
1.891439999999970922e+00 1.969781323851678962e+03
1.893995999999970925e+00 1.967123049486567652e+03
1.896551999999970928e+00 1.964471940280238869e+03
1.899107999999970708e+00 1.961827967302095658e+03
1.901663999999970711e+00 1.959191101777079894e+03
1.904219999999970714e+00 1.956561315084627040e+03
1.906775999999970717e+00 1.953938578757631831e+03
1.909331999999970497e+00 1.951322864481420766e+03
1.911887999999970500e+00 1.948714144092734387e+03
1.914443999999970503e+00 1.946112389578714328e+03
1.916999999999970283e+00 1.943517573075903556e+03
1.919555999999970508e+00 1.940929666869249331e+03
1.922111999999970511e+00 1.938348643391118003e+03
1.924667999999970514e+00 1.935774475220315935e+03
1.927223999999970294e+00 1.933207135081117940e+03
1.929779999999970297e+00 1.930646595842304350e+03
1.932335999999970300e+00 1.928092830516206277e+03
1.934891999999970302e+00 1.925545812257755642e+03
1.937447999999970083e+00 1.923005514363546354e+03
1.940003999999970086e+00 1.920471910270900025e+03
1.942559999999970088e+00 1.917944973556941250e+03
1.945115999999969869e+00 1.915424677937677188e+03
1.947671999999969872e+00 1.912910997267088987e+03
1.950227999999969875e+00 1.910403905536225466e+03
1.952783999999969877e+00 1.907903376872307263e+03
1.955339999999969658e+00 1.905409385537836442e+03
1.957895999999969661e+00 1.902921905929713603e+03
1.960451999999969663e+00 1.900440912578362031e+03
1.963007999999969444e+00 1.897966380146857546e+03
1.965563999999969447e+00 1.895498283430068341e+03
1.968119999999969449e+00 1.893036597353795287e+03
1.970675999999969452e+00 1.890581296973926783e+03
1.973231999999969233e+00 1.888132357475594517e+03
1.975787999999969236e+00 1.885689754172336961e+03
1.978343999999969238e+00 1.883253462505271500e+03
1.980899999999969241e+00 1.880823458042269522e+03
1.983455999999969022e+00 1.878399716477141055e+03
1.986011999999969024e+00 1.875982213628824184e+03
1.988567999999969027e+00 1.873570925440580595e+03
1.991123999999968808e+00 1.871165827979197502e+03
1.993679999999968810e+00 1.868766897434196380e+03
1.996235999999968813e+00 1.866374110117046484e+03
1.998791999999968816e+00 1.863987442460386319e+03
2.001347999999968597e+00 1.861606871017248750e+03
2.003903999999968821e+00 1.859232372460294073e+03
2.006459999999968602e+00 1.856863923581046720e+03
2.009015999999968383e+00 1.854501501289140833e+03
2.011571999999968607e+00 1.852145082611569023e+03
2.014127999999968388e+00 1.849794644691937719e+03
2.016683999999968613e+00 1.847450164789728206e+03
2.019239999999968393e+00 1.845111620279564249e+03
2.021795999999968174e+00 1.842778988650481551e+03
2.024351999999968399e+00 1.840452247505209471e+03
2.026907999999968180e+00 1.838131374559450023e+03
2.029463999999967960e+00 1.835816347641169841e+03
2.032019999999968185e+00 1.833507144689892357e+03
2.034575999999967966e+00 1.831203743755996811e+03
2.037131999999967746e+00 1.828906123000024536e+03
2.039687999999967971e+00 1.826614260691987056e+03
2.042243999999967752e+00 1.824328135210681694e+03
2.044799999999967977e+00 1.822047725043011042e+03
2.047355999999967757e+00 1.819773008783310615e+03
2.049911999999967538e+00 1.817503965132674466e+03
2.052467999999967763e+00 1.815240572898295568e+03
2.055023999999967543e+00 1.812982810992802115e+03
2.057579999999967324e+00 1.810730658433605186e+03
2.060135999999967549e+00 1.808484094342246408e+03
2.062691999999967329e+00 1.806243097943755402e+03
2.065247999999967110e+00 1.804007648566006992e+03
2.067803999999967335e+00 1.801777725639087976e+03
2.070359999999967116e+00 1.799553308694663201e+03
2.072915999999967340e+00 1.797334377365351884e+03
2.075471999999967121e+00 1.795120911384105511e+03
2.078027999999966902e+00 1.792912890583589160e+03
2.080583999999967126e+00 1.790710294895571451e+03
2.083139999999966907e+00 1.788513104350314507e+03
2.085695999999967132e+00 1.786321299075971410e+03
2.088251999999966912e+00 1.784134859297987305e+03
2.090807999999966693e+00 1.781953765338503672e+03
2.093363999999966918e+00 1.779777997615769436e+03
2.095919999999966699e+00 1.777607536643553658e+03
2.098475999999966479e+00 1.775442363030564138e+03
2.101031999999966704e+00 1.773282457479871027e+03
2.103587999999966485e+00 1.771127800788332252e+03
2.106143999999966265e+00 1.768978373846024397e+03
2.108699999999966490e+00 1.766834157635678594e+03
2.111255999999966271e+00 1.764695133232119360e+03
2.113811999999966496e+00 1.762561281801707764e+03
2.116367999999966276e+00 1.760432584601787539e+03
2.118923999999966057e+00 1.758309022980138252e+03
2.121479999999966282e+00 1.756190578374430288e+03
2.124035999999966062e+00 1.754077232311681882e+03
2.126591999999965843e+00 1.751968966407724793e+03
2.129147999999966068e+00 1.749865762366669514e+03
2.131703999999965848e+00 1.747767601980376639e+03
2.134259999999965629e+00 1.745674467127931621e+03
2.136815999999965854e+00 1.743586339775122724e+03
2.139371999999965634e+00 1.741503201973922842e+03
2.141927999999965859e+00 1.739425035861976085e+03
2.144483999999965640e+00 1.737351823662086417e+03
2.147039999999965421e+00 1.735283547681711298e+03
2.149595999999965645e+00 1.733220190312458271e+03
2.152151999999965426e+00 1.731161734029584977e+03
2.154707999999965207e+00 1.729108161391503245e+03
2.157263999999965431e+00 1.727059455039286604e+03
2.159819999999965212e+00 1.725015597696180066e+03
2.162375999999964993e+00 1.722976572167116956e+03
2.164931999999965218e+00 1.720942361338234605e+03
2.167487999999964998e+00 1.718912948176395503e+03
2.170043999999965223e+00 1.716888315728712541e+03
2.172599999999965004e+00 1.714868447122077896e+03
2.175155999999964784e+00 1.712853325562692135e+03
2.177711999999965009e+00 1.710842934335600148e+03
2.180267999999964790e+00 1.708837256804229810e+03
2.182823999999964570e+00 1.706836276409930861e+03
2.185379999999964795e+00 1.704839976671520844e+03
2.187935999999964576e+00 1.702848341184831725e+03
2.190491999999964357e+00 1.700861353622262413e+03
2.193047999999964581e+00 1.698878997732329026e+03
2.195603999999964362e+00 1.696901257339225822e+03
2.198159999999964143e+00 1.694928116342382509e+03
2.200715999999964367e+00 1.692959558716027914e+03
2.203271999999964148e+00 1.690995568508757287e+03
2.205827999999964373e+00 1.689036129843099843e+03
2.208383999999964153e+00 1.687081226915091747e+03
2.210939999999963934e+00 1.685130843993851158e+03
2.213495999999964159e+00 1.683184965421155766e+03
2.216051999999963940e+00 1.681243575611025335e+03
2.218607999999963720e+00 1.679306659049302880e+03
2.221163999999963945e+00 1.677374200293244257e+03
2.223719999999963726e+00 1.675446183971105711e+03
2.226275999999963506e+00 1.673522594781737098e+03
2.228831999999963731e+00 1.671603417494176938e+03
2.231387999999963512e+00 1.669688636947251325e+03
2.233943999999963737e+00 1.667778238049172614e+03
2.236499999999963517e+00 1.665872205777145382e+03
2.239055999999963298e+00 1.663970525176970796e+03
2.241611999999963967e+00 1.662073181362655987e+03
2.244167999999963747e+00 1.660180159516025924e+03
2.246723999999963528e+00 1.658291444886338468e+03
2.249279999999963753e+00 1.656407022789898974e+03
2.251835999999963533e+00 1.654526878609681944e+03
2.254391999999963314e+00 1.652650997794951763e+03
2.256947999999963539e+00 1.650779365860888220e+03
2.259503999999963320e+00 1.648911968388212927e+03
2.262059999999963544e+00 1.647048791022819614e+03
2.264615999999963325e+00 1.645189819475406011e+03
2.267171999999963106e+00 1.643335039521108683e+03
2.269727999999963330e+00 1.641484436999140371e+03
2.272283999999963111e+00 1.639637997812428694e+03
2.274839999999962892e+00 1.637795707927259400e+03
2.277395999999963117e+00 1.635957553372920302e+03
2.279951999999962897e+00 1.634123520241348160e+03
2.282507999999962678e+00 1.632293594686778079e+03
2.285063999999962903e+00 1.630467762925394254e+03
2.287619999999962683e+00 1.628646011234985281e+03
2.290175999999962464e+00 1.626828325954598540e+03
2.292731999999962689e+00 1.625014693484201416e+03
2.295287999999962469e+00 1.623205100284338869e+03
2.297843999999962694e+00 1.621399532875799650e+03
2.300399999999962475e+00 1.619597977839278656e+03
2.302955999999962255e+00 1.617800421815047230e+03
2.305511999999962480e+00 1.616006851502620748e+03
2.308067999999962261e+00 1.614217253660431652e+03
2.310623999999962042e+00 1.612431615105504079e+03
2.313179999999962266e+00 1.610649922713128262e+03
2.315735999999962047e+00 1.608872163416541071e+03
2.318291999999961828e+00 1.607098324206605639e+03
2.320847999999962052e+00 1.605328392131493501e+03
2.323403999999961833e+00 1.603562354296370131e+03
2.325959999999962058e+00 1.601800197863082076e+03
2.328515999999961839e+00 1.600041910049844773e+03
2.331071999999961619e+00 1.598287478130934687e+03
2.333627999999961844e+00 1.596536889436381216e+03
2.336183999999961625e+00 1.594790131351662467e+03
2.338739999999961405e+00 1.593047191317401939e+03
2.341295999999961630e+00 1.591308056829067255e+03
2.343851999999961411e+00 1.589572715436672524e+03
2.346407999999961191e+00 1.587841154744478672e+03
2.348963999999961416e+00 1.586113362410701029e+03
2.351519999999961197e+00 1.584389326147213751e+03
2.354075999999961422e+00 1.582669033719260597e+03
2.356631999999961202e+00 1.580952472945163890e+03
2.359187999999960983e+00 1.579239631696038259e+03
2.361743999999961208e+00 1.577530497895503686e+03
2.364299999999960988e+00 1.575825059519402430e+03
2.366855999999960769e+00 1.574123304595517538e+03
2.369411999999960994e+00 1.572425221203291130e+03
2.371967999999960774e+00 1.570730797473547682e+03
2.374523999999960555e+00 1.569040021588217087e+03
2.377079999999960780e+00 1.567352881780059533e+03
2.379635999999960561e+00 1.565669366332391974e+03
2.382191999999960341e+00 1.563989463578817777e+03
2.384747999999960566e+00 1.562313161902957290e+03
2.387303999999960347e+00 1.560640449738180450e+03
2.389859999999960571e+00 1.558971315567338706e+03
2.392415999999960352e+00 1.557305747922502633e+03
2.394971999999960133e+00 1.555643735384699767e+03
2.397527999999960358e+00 1.553985266583650855e+03
2.400083999999960138e+00 1.552330330197514058e+03
2.402639999999959919e+00 1.550678914952623700e+03
2.405195999999960144e+00 1.549031009623238106e+03
2.407751999999959924e+00 1.547386603031282220e+03
2.410307999999959705e+00 1.545745684046096130e+03
2.412863999999959930e+00 1.544108241584183588e+03
2.415419999999959710e+00 1.542474264608962812e+03
2.417975999999959935e+00 1.540843742130518422e+03
2.420531999999959716e+00 1.539216663205354507e+03
2.423087999999959496e+00 1.537593016936151116e+03
2.425643999999959721e+00 1.535972792471519369e+03
2.428199999999959502e+00 1.534355979005760446e+03
2.430755999999959283e+00 1.532742565778625476e+03
2.433311999999959507e+00 1.531132542075077026e+03
2.435867999999959288e+00 1.529525897225051267e+03
2.438423999999959069e+00 1.527922620603222413e+03
2.440979999999959293e+00 1.526322701628768982e+03
2.443535999999959074e+00 1.524726129765140968e+03
2.446091999999959299e+00 1.523132894519827460e+03
2.448647999999959080e+00 1.521542985444128590e+03
2.451203999999958860e+00 1.519956392132925430e+03
2.453759999999959085e+00 1.518373104224453755e+03
2.456315999999958866e+00 1.516793111400078942e+03
2.458871999999958646e+00 1.515216403384070873e+03
2.461427999999958871e+00 1.513642969943381559e+03
2.463983999999958652e+00 1.512072800887423909e+03
2.466539999999958432e+00 1.510505886067851634e+03
2.469095999999958657e+00 1.508942215378340734e+03
2.471651999999958438e+00 1.507381778754371680e+03
2.474207999999958663e+00 1.505824566173013864e+03
2.476763999999958443e+00 1.504270567652711634e+03
2.479319999999958224e+00 1.502719773253069661e+03
2.481875999999958449e+00 1.501172173074642160e+03
2.484431999999958229e+00 1.499627757258721658e+03
2.486987999999958010e+00 1.498086515987130042e+03
2.489543999999958235e+00 1.496548439482009826e+03
2.492099999999958015e+00 1.495013518005617925e+03
2.494655999999957796e+00 1.493481741860120337e+03
2.497211999999958465e+00 1.491953101387387505e+03
2.499767999999958246e+00 1.490427586968791047e+03
2.502323999999957582e+00 1.488905189025002528e+03
2.504879999999958251e+00 1.487385898015793373e+03
2.507435999999958032e+00 1.485869704439834322e+03
2.509991999999958256e+00 1.484356598834498527e+03
2.512547999999958037e+00 1.482846571775663961e+03
2.515103999999957818e+00 1.481339613877517877e+03
2.517659999999958043e+00 1.479835715792363089e+03
2.520215999999957823e+00 1.478334868210423565e+03
2.522771999999957604e+00 1.476837061859652977e+03
2.525327999999957829e+00 1.475342287505544164e+03
2.527883999999957609e+00 1.473850535950937910e+03
2.530439999999957390e+00 1.472361798035836046e+03
2.532995999999957615e+00 1.470876064637212494e+03
2.535551999999957395e+00 1.469393326668828195e+03
2.538107999999957620e+00 1.467913575081044883e+03
2.540663999999957401e+00 1.466436800860641597e+03
2.543219999999957182e+00 1.464962995030630736e+03
2.545775999999957406e+00 1.463492148650077979e+03
2.548331999999957187e+00 1.462024252813919475e+03
2.550887999999956968e+00 1.460559298652783127e+03
2.553443999999957192e+00 1.459097277332810563e+03
2.555999999999956973e+00 1.457638180055477733e+03
2.556000000000000050e+00 1.457638180055453176e+03
