2.556000000000000112e-03 0.000000000000000000e+00
5.112000000000000224e-03 7.149821449061953791e-11
7.667999999999999469e-03 1.266111540139851963e-09
1.022400000000000045e-02 1.008213506748694532e-08
1.278000000000000143e-02 5.163251532518480004e-08
1.533600000000000067e-02 1.990402961313705511e-07
1.789200000000000165e-02 6.290593034112507043e-07
2.044800000000000090e-02 1.716201804468450256e-06
2.300400000000000014e-02 4.179860759656895281e-06
2.555999999999999939e-02 9.301041557959343852e-06
2.811599999999999863e-02 1.922731098033211329e-05
3.067199999999999441e-02 3.738642366576115547e-05
3.322800000000000059e-02 6.903078487499588270e-05
3.578399999999999637e-02 1.219364384643879047e-04
3.833999999999999908e-02 2.072816172507377147e-04
4.089600000000000180e-02 3.407310469096383248e-04
4.345200000000000451e-02 5.437531427604679534e-04
4.600800000000000722e-02 8.451979708703819243e-04
4.856400000000000994e-02 1.283164351594499875e-03
5.112000000000001265e-02 1.907184756866617476e-03
5.367600000000001537e-02 2.780756685387750140e-03
5.623200000000001808e-02 3.984248986711500830e-03
5.878800000000002079e-02 5.618211141774607370e-03
6.134400000000001657e-02 7.807112790674380735e-03
6.390000000000001235e-02 1.070353982681126331e-02
6.645600000000002894e-02 1.449287214962557621e-02
6.901200000000001777e-02 1.939846668717982656e-02
7.156800000000003437e-02 2.568736756728149870e-02
7.412400000000002320e-02 3.367656333561032389e-02
7.668000000000002592e-02 4.373980889670209260e-02
7.923600000000002863e-02 5.631502739531983603e-02
8.179200000000003135e-02 7.191230456974523344e-02
8.434800000000003406e-02 9.112248520422004672e-02
8.690400000000003677e-02 1.146263781958375555e-01
8.946000000000003949e-02 1.432045734435829221e-01
9.201600000000004220e-02 1.777478702771344010e-01
9.457200000000004492e-02 2.192683134848412430e-01
9.712800000000004763e-02 2.689108291894974356e-01
9.968400000000003647e-02 3.279654488737266393e-01
1.022400000000000531e-01 3.978801057915856143e-01
1.047960000000000419e-01 4.802739838379521120e-01
1.073520000000000585e-01 5.769513947018157785e-01
1.099080000000000473e-01 6.899161548240023700e-01
1.124640000000000639e-01 8.213864293350966461e-01
1.150200000000000528e-01 9.738100057870205939e-01
1.175760000000000693e-01 1.149879956134043590e+00
1.201320000000000582e-01 1.352550641088625660e+00
1.226880000000000748e-01 1.585054006697426132e+00
1.252440000000000497e-01 1.850916118776416708e+00
1.278000000000000524e-01 2.153973876734776915e+00
1.303560000000000552e-01 2.498391844328785361e+00
1.329120000000000579e-01 2.888679131042794612e+00
1.354680000000000606e-01 3.329706254118117048e+00
1.380240000000000633e-01 3.826721907765534780e+00
1.405800000000000660e-01 4.385369562826078926e+00
1.431360000000000965e-01 5.011703817110382708e+00
1.456920000000000714e-01 5.712206413871154354e+00
1.482480000000000742e-01 6.493801843367717375e+00
1.508040000000000769e-01 7.363872440286657550e+00
1.533600000000000796e-01 8.330272887908369839e+00
1.559160000000000823e-01 9.401344038374501721e+00
1.584720000000000850e-01 1.058592595723397167e+01
1.610280000000000877e-01 1.189337009964202529e+01
1.635840000000000904e-01 1.333355052517321582e+01
1.661400000000000932e-01 1.491687405819961043e+01
1.686960000000000959e-01 1.665428930119237094e+01
1.712520000000000986e-01 1.855729440913989947e+01
1.738080000000001013e-01 2.063794353454797914e+01
1.763640000000000763e-01 2.290885185420544090e+01
1.789200000000001067e-01 2.538319909106866135e+01
1.814760000000001094e-01 2.807473144724388447e+01
1.840320000000001122e-01 3.099776186713102533e+01
1.865880000000000871e-01 3.416716855333588398e+01
1.891440000000001176e-01 3.759839166195884275e+01
1.917000000000001203e-01 4.130742810832271772e+01
1.942560000000001230e-01 4.531082441910516678e+01
1.968120000000000980e-01 4.962566757218368707e+01
1.993680000000001007e-01 5.426957377127330062e+01
2.019240000000001312e-01 5.926067510862645804e+01
2.044800000000001339e-01 6.461760407565623154e+01
2.070360000000001366e-01 7.035947588832034683e+01
2.095920000000001115e-01 7.650586860144640866e+01
2.121480000000001420e-01 8.307680099386467987e+01
2.147040000000001447e-01 9.009270821422168751e+01
2.172600000000001474e-01 9.757441518564782257e+01
2.198160000000001224e-01 1.055431077760185445e+02
2.223720000000001529e-01 1.140203017493489028e+02
2.249280000000001556e-01 1.230278095228648851e+02
2.274840000000001583e-01 1.325877047634656378e+02
2.300400000000001333e-01 1.427222848665932418e+02
2.325960000000001360e-01 1.534540313699225464e+02
2.351520000000001664e-01 1.648055683637318225e+02
2.377080000000001692e-01 1.767996189692773896e+02
2.402640000000001441e-01 1.894589599659242651e+02
2.428200000000001468e-01 2.028063746571423849e+02
2.453760000000001773e-01 2.168646040747140944e+02
2.479320000000001800e-01 2.316562966295709032e+02
2.504880000000001550e-01 2.472039563265387585e+02
2.530440000000001577e-01 2.635298896688750574e+02
2.556000000000001604e-01 2.806561513867802660e+02
2.581560000000001631e-01 2.986044891320169086e+02
2.607120000000001658e-01 3.173962872883217869e+02
2.632680000000002241e-01 3.370525100544081170e+02
2.658240000000001713e-01 3.575936439629816164e+02
2.683800000000001740e-01 3.790396400052889021e+02
2.709360000000001767e-01 4.014098555362427874e+02
2.734920000000001794e-01 4.247229961400859679e+02
2.760480000000001821e-01 4.489970576408179568e+02
2.786040000000001848e-01 4.742492684451974014e+02
2.811600000000001875e-01 5.004960324089960864e+02
2.837160000000001903e-01 5.277528724193052767e+02
2.862720000000002485e-01 5.560343748870412810e+02
2.888280000000001957e-01 5.853541353443547450e+02
2.913840000000001984e-01 6.157247053413831281e+02
2.939400000000002011e-01 6.471575408356994785e+02
2.964960000000002038e-01 6.796629522658752194e+02
2.990520000000002065e-01 7.132500564977960948e+02
3.016080000000002093e-01 7.479267308287364813e+02
3.041640000000002120e-01 7.836995692297205096e+02
3.067200000000002147e-01 8.205738410013713064e+02
3.092760000000002174e-01 8.585534520122992035e+02
3.118320000000002201e-01 8.976409086821089431e+02
3.143880000000002228e-01 9.378372848633455305e+02
3.169440000000002255e-01 9.791421917681666400e+02
3.195000000000002283e-01 1.021553751076265371e+03
3.220560000000002310e-01 1.065068571350590219e+03
3.246120000000002337e-01 1.109681727876783953e+03
3.271680000000002364e-01 1.155386746031010716e+03
3.297240000000001836e-01 1.202175588269006766e+03
3.322800000000002418e-01 1.250038644816868555e+03
3.348360000000002445e-01 1.298964728131263882e+03
3.373920000000002473e-01 1.348941071183558279e+03
3.399480000000002500e-01 1.399953329608782951e+03
3.425040000000002527e-01 1.451985587746542933e+03
3.450600000000002554e-01 1.505020368586912355e+03
3.476160000000002581e-01 1.559038647620176789e+03
3.501720000000002608e-01 1.614019870575012646e+03
3.527280000000002080e-01 1.669941975015420894e+03
3.552840000000002663e-01 1.726781415752529028e+03
3.578400000000002690e-01 1.784513194013309885e+03
3.603960000000002717e-01 1.843110890294396086e+03
3.629520000000002744e-01 1.902546700815602890e+03
3.655080000000002771e-01 1.962791477474512931e+03
3.680640000000002798e-01 2.023814771190674037e+03
3.706200000000002825e-01 2.085584878515598575e+03
3.731760000000002298e-01 2.148068891372945927e+03
3.757320000000002880e-01 2.211232749782056999e+03
3.782880000000002907e-01 2.275041297407444745e+03
3.808440000000002934e-01 2.339458339766979407e+03
3.834000000000002961e-01 2.404446704922404024e+03
3.859560000000002988e-01 2.469968306467476395e+03
3.885120000000003015e-01 2.535984208621556718e+03
3.910680000000003043e-01 2.602454693229819441e+03
3.936240000000002515e-01 2.669339328465517610e+03
3.961800000000002542e-01 2.736597039024904461e+03
3.987360000000003124e-01 2.804186177601499367e+03
4.012920000000003151e-01 2.872064597423418945e+03
4.038480000000003178e-01 2.940189725635472314e+03
4.064040000000003205e-01 3.008518637306627170e+03
4.089600000000003233e-01 3.077008129843313782e+03
4.115160000000003260e-01 3.145614797589830687e+03
4.140720000000002732e-01 3.214295106398775715e+03
4.166280000000002759e-01 3.283005467957064411e+03
4.191840000000002786e-01 3.351702313656494425e+03
4.217400000000003368e-01 3.420342167802150016e+03
4.242960000000003395e-01 3.488881719957000314e+03
4.268520000000003423e-01 3.557277896226900339e+03
4.294080000000003450e-01 3.625487929296786206e+03
4.319640000000003477e-01 3.693469427036091474e+03
4.345200000000003504e-01 3.761180439499294152e+03
4.370760000000002976e-01 3.828579524155935360e+03
4.396320000000003003e-01 3.895625809193447822e+03
4.421880000000003030e-01 3.962279054745559733e+03
4.447440000000003613e-01 4.028499711908874815e+03
4.473000000000003640e-01 4.094248979420483920e+03
4.498560000000003667e-01 4.159488857879909119e+03
4.524120000000003694e-01 4.224182201409481422e+03
4.549680000000003721e-01 4.288292766658134497e+03
4.575240000000003193e-01 4.351785259064676211e+03
4.600800000000003220e-01 4.414625376307713850e+03
4.626360000000003248e-01 4.476779848880531972e+03
4.651920000000003275e-01 4.538216477740325900e+03
4.677480000000003857e-01 4.598904168992196901e+03
4.703040000000003884e-01 4.658812965579169031e+03
4.728600000000003911e-01 4.717914075960176888e+03
4.754160000000003938e-01 4.776179899768392715e+03
4.779720000000003410e-01 4.833584050452463089e+03
4.805280000000003437e-01 4.890101374913046129e+03
4.830840000000003465e-01 4.945707970156583542e+03
4.856400000000003492e-01 5.000381196997335792e+03
4.881960000000003519e-01 5.054099690847452621e+03
4.907520000000004101e-01 5.106843369643123879e+03
4.933080000000004128e-01 5.158593438962674554e+03
4.958640000000004155e-01 5.209332394399818440e+03
4.984200000000004183e-01 5.259044021262129718e+03
5.009760000000004210e-01 5.307713391671147292e+03
5.035320000000004237e-01 5.355326859146344759e+03
5.060880000000004264e-01 5.401872050760506681e+03
5.086440000000004291e-01 5.447337856958831253e+03
5.112000000000003208e-01 5.491714419138338599e+03
5.137560000000003235e-01 5.534993115087884689e+03
5.163120000000002152e-01 5.577166542392288648e+03
5.188680000000001069e-01 5.618228499906785146e+03
5.214240000000001096e-01 5.658173967410210935e+03
5.239800000000000013e-01 5.696999083547034388e+03
5.265360000000000040e-01 5.734701122169549308e+03
5.290920000000000067e-01 5.771278467192363678e+03
5.316480000000000095e-01 5.806730586071586913e+03
5.342039999999999011e-01 5.841058002021060929e+03
5.367599999999997928e-01 5.874262265077437405e+03
5.393159999999997956e-01 5.906345922125040488e+03
5.418719999999996872e-01 5.937312485990183632e+03
5.444279999999996900e-01 5.967166403713012187e+03
5.469839999999995817e-01 5.995913024103057069e+03
5.495399999999995844e-01 6.023558564682432916e+03
5.520959999999994761e-01 6.050110078118187630e+03
5.546519999999994788e-01 6.075575418242561682e+03
5.572079999999993705e-01 6.099963205756959724e+03
5.597639999999992622e-01 6.123282793712325656e+03
5.623199999999992649e-01 6.145544232855265363e+03
5.648759999999991566e-01 6.166758236925777055e+03
5.674319999999991593e-01 6.186936147988889388e+03
5.699879999999990510e-01 6.206089901878722230e+03
5.725439999999990537e-01 6.224231993829752355e+03
5.750999999999989454e-01 6.241375444366120973e+03
5.776559999999989481e-01 6.257533765515960113e+03
5.802119999999988398e-01 6.272720927413702157e+03
5.827679999999987315e-01 6.286951325349411491e+03
5.853239999999987342e-01 6.300239747320174502e+03
5.878799999999986259e-01 6.312601342134666083e+03
5.904359999999986286e-01 6.324051588118059044e+03
5.929919999999985203e-01 6.334606262460617472e+03
5.955479999999986340e-01 6.344281411249440680e+03
5.981039999999985257e-01 6.353093320219146335e+03
6.006599999999985284e-01 6.361058486253581577e+03
6.032159999999984201e-01 6.368193589667072956e+03
6.057719999999983118e-01 6.374515467290283596e+03
6.083279999999983145e-01 6.380041086382349931e+03
6.108839999999982062e-01 6.384787519387725297e+03
6.134399999999982089e-01 6.388771919553014413e+03
6.159959999999981006e-01 6.392011497416076054e+03
6.185519999999981033e-01 6.394523498176771682e+03
6.211079999999979950e-01 6.396325179955986641e+03
6.236639999999979977e-01 6.397433792946920221e+03
6.262199999999978894e-01 6.397866559460137069e+03
6.287759999999977811e-01 6.397640654861549592e+03
6.313319999999977838e-01 6.396773189400223600e+03
6.338879999999976755e-01 6.395281190920859444e+03
6.364439999999976783e-01 6.393181588453820950e+03
6.389999999999975699e-01 6.390491196673775448e+03
6.415559999999975727e-01 6.387226701216293804e+03
6.441119999999974644e-01 6.383404644840243236e+03
6.466679999999974671e-01 6.379041414422324124e+03
6.492239999999973588e-01 6.374153228768817826e+03
6.517799999999972504e-01 6.368756127228402875e+03
6.543359999999972532e-01 6.362865959088846466e+03
6.568919999999971449e-01 6.356498373739400449e+03
6.594479999999972586e-01 6.349668811579870635e+03
6.620039999999971503e-01 6.342392495656598840e+03
6.645599999999971530e-01 6.334684424004933135e+03
6.671159999999970447e-01 6.326559362677255194e+03
6.696719999999970474e-01 6.318031839435088841e+03
6.722279999999969391e-01 6.309116138083540136e+03
6.747839999999968308e-01 6.299826293425981930e+03
6.773399999999968335e-01 6.290176086816682073e+03
6.798959999999967252e-01 6.280179042288979872e+03
6.824519999999967279e-01 6.269848423236494455e+03
6.850079999999966196e-01 6.259197229624933243e+03
6.875639999999966223e-01 6.248238195712035122e+03
6.901199999999965140e-01 6.236983788253376588e+03
6.926759999999965167e-01 6.225446205171934707e+03
6.952319999999964084e-01 6.213637374669458040e+03
6.977879999999963001e-01 6.201568954758064137e+03
7.003439999999963028e-01 6.189252333190709578e+03
7.028999999999961945e-01 6.176698627769563245e+03
7.054559999999961972e-01 6.163918687011669135e+03
7.080119999999960889e-01 6.150923091151729750e+03
7.105679999999960916e-01 6.137722153462251299e+03
7.131239999999959833e-01 6.124325921871728497e+03
7.156799999999959860e-01 6.110744180862106987e+03
7.182359999999958777e-01 6.096986453627165247e+03
7.207919999999957694e-01 6.083062004474055357e+03
7.233479999999958832e-01 6.068979841450696767e+03
7.259039999999957748e-01 6.054748719182332934e+03
7.284599999999957776e-01 6.040377141901019968e+03
7.310159999999956693e-01 6.025873366652455843e+03
7.335719999999956720e-01 6.011245406665036171e+03
7.361279999999955637e-01 5.996501034866638292e+03
7.386839999999955664e-01 5.981647787535158386e+03
7.412399999999954581e-01 5.966692968069399285e+03
7.437959999999953498e-01 5.951643650867455108e+03
7.463519999999953525e-01 5.936506685300282697e+03
7.489079999999952442e-01 5.921288699768709193e+03
7.514639999999952469e-01 5.905996105832629837e+03
7.540199999999951386e-01 5.890635102401738550e+03
7.565759999999951413e-01 5.875211679977572203e+03
7.591319999999950330e-01 5.859731624937232482e+03
7.616879999999950357e-01 5.844200523849614001e+03
7.642439999999949274e-01 5.828623767815470273e+03
7.667999999999949301e-01 5.813006556823106621e+03
7.693559999999948218e-01 5.797353904111986594e+03
7.719119999999947135e-01 5.781670640536969586e+03
7.744679999999947162e-01 5.765961418926337501e+03
7.770239999999946079e-01 5.750230718427214015e+03
7.795799999999946106e-01 5.734482848832376476e+03
7.821359999999945023e-01 5.718721954882865248e+03
7.846919999999945050e-01 5.702952020541199090e+03
7.872479999999943967e-01 5.687176873230333513e+03
7.898039999999945104e-01 5.671400188033941049e+03
7.923599999999944021e-01 5.655625491853820677e+03
7.949159999999942938e-01 5.639856167520720192e+03
7.974719999999942965e-01 5.624095457855014502e+03
8.000279999999941882e-01 5.608346469674153923e+03
8.025839999999941909e-01 5.592612177743928441e+03
8.051399999999940826e-01 5.576895428671023183e+03
8.076959999999940853e-01 5.561198944734467659e+03
8.102519999999939770e-01 5.545525327653956992e+03
8.128079999999939798e-01 5.529877062293182462e+03
8.153639999999938714e-01 5.514256520296563394e+03
8.179199999999937631e-01 5.498665963658009787e+03
8.204759999999937659e-01 5.483107548220527860e+03
8.230319999999936575e-01 5.467583327105668104e+03
8.255879999999936603e-01 5.452095254072037278e+03
8.281439999999935520e-01 5.436645186802229546e+03
8.306999999999935547e-01 5.421234890117714713e+03
8.332559999999934464e-01 5.405866039121378890e+03
8.358119999999934491e-01 5.390540222267538411e+03
8.383679999999933408e-01 5.375258944359403358e+03
8.409239999999932325e-01 5.360023629474080735e+03
8.434799999999932352e-01 5.344835623815319195e+03
8.460359999999931269e-01 5.329696198494331838e+03
8.485919999999931296e-01 5.314606552239091798e+03
8.511479999999930213e-01 5.299567814032643582e+03
8.537039999999931350e-01 5.284581045681000433e+03
8.562599999999930267e-01 5.269647244311325267e+03
8.588159999999930294e-01 5.254767344801139188e+03
8.613719999999929211e-01 5.239942222139371552e+03
8.639279999999928128e-01 5.225172693720142888e+03
8.664839999999928155e-01 5.210459521570196557e+03
8.690399999999927072e-01 5.195803414510965922e+03
8.715959999999927099e-01 5.181205030256306600e+03
8.741519999999926016e-01 5.166664977446946068e+03
8.767079999999926043e-01 5.152183817622768402e+03
8.792639999999924960e-01 5.137762067134040080e+03
8.818199999999924987e-01 5.123400198992743753e+03
8.843759999999923904e-01 5.109098644665184111e+03
8.869319999999922821e-01 5.094857795807082766e+03
8.894879999999922848e-01 5.080678005942338132e+03
8.920439999999921765e-01 5.066559592086692646e+03
8.945999999999921792e-01 5.052502836317536094e+03
8.971559999999920709e-01 5.038507987291058271e+03
8.997119999999920736e-01 5.024575261708007929e+03
9.022679999999919653e-01 5.010704845729291264e+03
9.048239999999919680e-01 4.996896896342633227e+03
9.073799999999918597e-01 4.983151542681548563e+03
9.099359999999917514e-01 4.969468887297836773e+03
9.124919999999917541e-01 4.955849007388819700e+03
9.150479999999916458e-01 4.942291955980543207e+03
9.176039999999917596e-01 4.928797763068113454e+03
9.201599999999916513e-01 4.915366436714384690e+03
9.227159999999916540e-01 4.901997964108138149e+03
9.252719999999915457e-01 4.888692312582935301e+03
9.278279999999915484e-01 4.875449430597772334e+03
9.303839999999914401e-01 4.862269248680653618e+03
9.329399999999913318e-01 4.849151680336215577e+03
9.354959999999913345e-01 4.836096622918456887e+03
9.380519999999912262e-01 4.823103958469664576e+03
9.406079999999912289e-01 4.810173554526589214e+03
9.431639999999911206e-01 4.797305264894878746e+03
9.457199999999911233e-01 4.784498930392798684e+03
9.482759999999910150e-01 4.771754379565217278e+03
9.508319999999910177e-01 4.759071429368833378e+03
9.533879999999909094e-01 4.746449885829572850e+03
9.559439999999908011e-01 4.733889544673105775e+03
9.584999999999908038e-01 4.721390191929366665e+03
9.610559999999906955e-01 4.708951604511968981e+03
9.636119999999906982e-01 4.696573550773364332e+03
9.661679999999905899e-01 4.684255791036607661e+03
9.687239999999905926e-01 4.671998078104516026e+03
9.712799999999904843e-01 4.659800157747038611e+03
9.738359999999904870e-01 4.647661769167604689e+03
9.763919999999903787e-01 4.635582645449204392e+03
9.789479999999902704e-01 4.623562513980932636e+03
9.815039999999903841e-01 4.611601096865711952e+03
9.840599999999902758e-01 4.599698111309888191e+03
9.866159999999902785e-01 4.587853269995362098e+03
9.891719999999901702e-01 4.576066281434914345e+03
9.917279999999901730e-01 4.564336850311368835e+03
9.942839999999900646e-01 4.552664677801170910e+03
9.968399999999900674e-01 4.541049461883028926e+03
9.993959999999899591e-01 4.529490897632139422e+03
1.001951999999989740e+00 4.517988677500597987e+03
1.004507999999989742e+00 4.506542491584504205e+03
1.007063999999989745e+00 4.495152027878310946e+03
1.009619999999989748e+00 4.483816972516899114e+03
1.012175999999989529e+00 4.472537010005874436e+03
1.014731999999989753e+00 4.461311823440575608e+03
1.017287999999989534e+00 4.450141094714216706e+03
1.019843999999989537e+00 4.439024504715644980e+03
1.022399999999989539e+00 4.427961733517100583e+03
1.024955999999989542e+00 4.416952460552422053e+03
1.027511999999989545e+00 4.405996364786072263e+03
1.030067999999989325e+00 4.395093124873375928e+03
1.032623999999989328e+00 4.384242419312344282e+03
1.035179999999989331e+00 4.373443926587425267e+03
1.037735999999989334e+00 4.362697325305543018e+03
1.040291999999989336e+00 4.352002294324735885e+03
1.042847999999989117e+00 4.341358512875734959e+03
1.045403999999989120e+00 4.330765660676765947e+03
1.047959999999989122e+00 4.320223418041879995e+03
1.050515999999988903e+00 4.309731465983109047e+03
1.053071999999988906e+00 4.299289486306690378e+03
1.055627999999988909e+00 4.288897161703650454e+03
1.058183999999988911e+00 4.278554175834990019e+03
1.060739999999988692e+00 4.268260213411704171e+03
1.063295999999988695e+00 4.258014960269888434e+03
1.065851999999988697e+00 4.247818103441140920e+03
1.068407999999988700e+00 4.237669331218483421e+03
1.070963999999988481e+00 4.227568333217998770e+03
1.073519999999988483e+00 4.217514800436402766e+03
1.076075999999988486e+00 4.207508425304712546e+03
1.078631999999988267e+00 4.197548901738221502e+03
1.081187999999988270e+00 4.187635925182934443e+03
1.083743999999988272e+00 4.177769192658650354e+03
1.086299999999988275e+00 4.167948402798831921e+03
1.088855999999988056e+00 4.158173255887445521e+03
1.091411999999988058e+00 4.148443453892879916e+03
1.093967999999988061e+00 4.138758700499131010e+03
1.096523999999987842e+00 4.129118701134346338e+03
1.099079999999987844e+00 4.119523162996897554e+03
1.101635999999987847e+00 4.109971795079068215e+03
1.104191999999987850e+00 4.100464308188502400e+03
1.106747999999987631e+00 4.091000414967527377e+03
1.109303999999987633e+00 4.081579829910435819e+03
1.111859999999987636e+00 4.072202269378862184e+03
1.114415999999987639e+00 4.062867451615334176e+03
1.116971999999987419e+00 4.053575096755096638e+03
1.119527999999987422e+00 4.044324926836305167e+03
1.122083999999987425e+00 4.035116665808673133e+03
1.124639999999987205e+00 4.025950039540655780e+03
1.127195999999987208e+00 4.016824775825244615e+03
1.129751999999987211e+00 4.007740604384465769e+03
1.132307999999987214e+00 3.998697256872626440e+03
1.134863999999986994e+00 3.989694466878411731e+03
1.137419999999986997e+00 3.980731969925868725e+03
1.139975999999987222e+00 3.971809503474356916e+03
1.142531999999986780e+00 3.962926806917521844e+03
1.145087999999987005e+00 3.954083621581346961e+03
1.147643999999987008e+00 3.945279690721338284e+03
1.150199999999987011e+00 3.936514759518897790e+03
1.152755999999986791e+00 3.927788575076928737e+03
1.155311999999986794e+00 3.919100886414726574e+03
1.157867999999986797e+00 3.910451444462191375e+03
1.160423999999986799e+00 3.901840002053418630e+03
1.162979999999986580e+00 3.893266313919692493e+03
1.165535999999986583e+00 3.884730136681934255e+03
1.168091999999986585e+00 3.876231228842630571e+03
1.170647999999986366e+00 3.867769350777288309e+03
1.173203999999986369e+00 3.859344264725440098e+03
1.175759999999986372e+00 3.850955734781235151e+03
1.178315999999986374e+00 3.842603526883648556e+03
1.180871999999986155e+00 3.834287408806329495e+03
1.183427999999986158e+00 3.826007150147128414e+03
1.185983999999986160e+00 3.817762522317309958e+03
1.188539999999985941e+00 3.809553298530498068e+03
1.191095999999985944e+00 3.801379253791356859e+03
1.193651999999985946e+00 3.793240164884039586e+03
1.196207999999985949e+00 3.785135810360429332e+03
1.198763999999985730e+00 3.777065970528174603e+03
1.201319999999985733e+00 3.769030427438566221e+03
1.203875999999985735e+00 3.761028964874235498e+03
1.206431999999985738e+00 3.753061368336733722e+03
1.208987999999985519e+00 3.745127425033970212e+03
1.211543999999985521e+00 3.737226923867543064e+03
1.214099999999985524e+00 3.729359655419983483e+03
1.216655999999985305e+00 3.721525411941903258e+03
1.219211999999985307e+00 3.713723987339080850e+03
1.221767999999985310e+00 3.705955177159485174e+03
1.224323999999985313e+00 3.698218778580254821e+03
1.226879999999985094e+00 3.690514590394634524e+03
1.229435999999985096e+00 3.682842412998890723e+03
1.231991999999985099e+00 3.675202048379207554e+03
1.234547999999984880e+00 3.667593300098569671e+03
1.237103999999984882e+00 3.660015973283650055e+03
1.239659999999984885e+00 3.652469874611701471e+03
1.242215999999984888e+00 3.644954812297463832e+03
1.244771999999984669e+00 3.637470596080087489e+03
1.247327999999984671e+00 3.630017037210091530e+03
1.249883999999984674e+00 3.622593948436352548e+03
1.252439999999984677e+00 3.615201143993123878e+03
1.254995999999984457e+00 3.607838439587115317e+03
1.257551999999984460e+00 3.600505652384606037e+03
1.260107999999984463e+00 3.593202600998619346e+03
1.262663999999984243e+00 3.585929105476155655e+03
1.265219999999984246e+00 3.578684987285480474e+03
1.267775999999984249e+00 3.571470069303481978e+03
1.270331999999984474e+00 3.564284175803100425e+03
1.272887999999984254e+00 3.557127132440821242e+03
1.275443999999984257e+00 3.549998766244250419e+03
1.277999999999984260e+00 3.542898905599759928e+03
1.280555999999984262e+00 3.535827380240218645e+03
1.283111999999984043e+00 3.528784021232801479e+03
1.285667999999984046e+00 3.521768660966887182e+03
1.288223999999984049e+00 3.514781133142030740e+03
1.290779999999983829e+00 3.507821272756039434e+03
1.293335999999983832e+00 3.500888916093122134e+03
1.295891999999983835e+00 3.493983900712140894e+03
1.298447999999983837e+00 3.487106065434943048e+03
1.301003999999983618e+00 3.480255250334799257e+03
1.303559999999983621e+00 3.473431296724918866e+03
1.306115999999983623e+00 3.466634047147076217e+03
1.308671999999983404e+00 3.459863345360318817e+03
1.311227999999983407e+00 3.453119036329776918e+03
1.313783999999983410e+00 3.446400966215572225e+03
1.316339999999983412e+00 3.439708982361813014e+03
1.318895999999983193e+00 3.433042933285701110e+03
1.321451999999983196e+00 3.426402668666720729e+03
1.324007999999983198e+00 3.419788039335934627e+03
1.326563999999983201e+00 3.413198897265374399e+03
1.329119999999982982e+00 3.406635095557528985e+03
1.331675999999982984e+00 3.400096488434927323e+03
1.334231999999982987e+00 3.393582931229823771e+03
1.336787999999982768e+00 3.387094280373975380e+03
1.339343999999982771e+00 3.380630393388520588e+03
1.341899999999982773e+00 3.374191128873951129e+03
1.344455999999982776e+00 3.367776346500181262e+03
1.347011999999982557e+00 3.361385906996710219e+03
1.349567999999982559e+00 3.355019672142889249e+03
1.352123999999982562e+00 3.348677504758271880e+03
1.354679999999982343e+00 3.342359268693066497e+03
1.357235999999982345e+00 3.336064828818681235e+03
1.359791999999982348e+00 3.329794051018360278e+03
1.362347999999982351e+00 3.323546802177917016e+03
1.364903999999982132e+00 3.317322950176557242e+03
1.367459999999982134e+00 3.311122363877792395e+03
1.370015999999982137e+00 3.304944913120448291e+03
1.372571999999982140e+00 3.298790468709762081e+03
1.375127999999981920e+00 3.292658902408569247e+03
1.377683999999981923e+00 3.286550086928577912e+03
1.380239999999981926e+00 3.280463895921734547e+03
1.382795999999981706e+00 3.274400203971679275e+03
1.385351999999981709e+00 3.268358886585281653e+03
1.387907999999981712e+00 3.262339820184266955e+03
1.390463999999981715e+00 3.256342882096930225e+03
1.393019999999981495e+00 3.250367950549930811e+03
1.395575999999981498e+00 3.244414904660171942e+03
1.398131999999981501e+00 3.238483624426768074e+03
1.400687999999981281e+00 3.232573990723086808e+03
1.403243999999981506e+00 3.226685885288881764e+03
1.405799999999981509e+00 3.220819190722495023e+03
1.408355999999981512e+00 3.214973790473156441e+03
1.410911999999981292e+00 3.209149568833342528e+03
1.413467999999981295e+00 3.203346410931231731e+03
1.416023999999981298e+00 3.197564202723226117e+03
1.418579999999981300e+00 3.191802830986555364e+03
1.421135999999981081e+00 3.186062183311956233e+03
1.423691999999981084e+00 3.180342148096425717e+03
1.426247999999981086e+00 3.174642614536051042e+03
1.428803999999980867e+00 3.168963472618916057e+03
1.431359999999980870e+00 3.163304613118074030e+03
1.433915999999980873e+00 3.157665927584600013e+03
1.436471999999980875e+00 3.152047308340709606e+03
1.439027999999980656e+00 3.146448648472953209e+03
1.441583999999980659e+00 3.140869841825476669e+03
1.444139999999980661e+00 3.135310782993354678e+03
1.446695999999980442e+00 3.129771367315990119e+03
1.449251999999980445e+00 3.124251490870580255e+03
1.451807999999980447e+00 3.118751050465659318e+03
1.454363999999980450e+00 3.113269943634692027e+03
1.456919999999980231e+00 3.107808068629748959e+03
1.459475999999980234e+00 3.102365324415235591e+03
1.462031999999980236e+00 3.096941610661689083e+03
1.464587999999980239e+00 3.091536827739643286e+03
1.467143999999980020e+00 3.086150876713549223e+03
1.469699999999980022e+00 3.080783659335762422e+03
1.472255999999980025e+00 3.075435078040590270e+03
1.474811999999979806e+00 3.070105035938400306e+03
1.477367999999979808e+00 3.064793436809791274e+03
1.479923999999979811e+00 3.059500185099817372e+03
1.482479999999979814e+00 3.054225185912278903e+03
1.485035999999979595e+00 3.048968345004064759e+03
1.487591999999979597e+00 3.043729568779558576e+03
1.490147999999979600e+00 3.038508764285093548e+03
1.492703999999979381e+00 3.033305839203472715e+03
1.495259999999979383e+00 3.028120701848536555e+03
1.497815999999979386e+00 3.022953261159792874e+03
1.500371999999979389e+00 3.017803426697095347e+03
1.502927999999979169e+00 3.012671108635377095e+03
1.505483999999979172e+00 3.007556217759442006e+03
1.508039999999979175e+00 3.002458665458801079e+03
1.510595999999979178e+00 2.997378363722562426e+03
1.513151999999978958e+00 2.992315225134384036e+03
1.515707999999978961e+00 2.987269162867456544e+03
1.518263999999978964e+00 2.982240090679551940e+03
1.520819999999978744e+00 2.977227922908121400e+03
1.523375999999978747e+00 2.972232574465432208e+03
1.525931999999978750e+00 2.967253960833761084e+03
1.528487999999978975e+00 2.962291998060634342e+03
1.531043999999978755e+00 2.957346602754113519e+03
1.533599999999978758e+00 2.952417692078130585e+03
1.536155999999978761e+00 2.947505183747864066e+03
1.538711999999978541e+00 2.942608996025169290e+03
1.541267999999978544e+00 2.937729047714045464e+03
1.543823999999978547e+00 2.932865258156155505e+03
1.546379999999978549e+00 2.928017547226380429e+03
1.548935999999978330e+00 2.923185835328428766e+03
1.551491999999978333e+00 2.918370043390479623e+03
1.554047999999978336e+00 2.913570092860874411e+03
1.556603999999978338e+00 2.908785905703848130e+03
1.559159999999978119e+00 2.904017404395303856e+03
1.561715999999978122e+00 2.899264511918627250e+03
1.564271999999978124e+00 2.894527151760543802e+03
1.566827999999977905e+00 2.889805247907014291e+03
1.569383999999977908e+00 2.885098724839172064e+03
1.571939999999977911e+00 2.880407507529299892e+03
1.574495999999977913e+00 2.875731521436842741e+03
1.577051999999977694e+00 2.871070692504463750e+03
1.579607999999977697e+00 2.866424947154135680e+03
1.582163999999977699e+00 2.861794212283271463e+03
1.584719999999977702e+00 2.857178415260888414e+03
1.587275999999977483e+00 2.852577483923817908e+03
1.589831999999977485e+00 2.847991346572939619e+03
1.592387999999977488e+00 2.843419931969463505e+03
1.594943999999977269e+00 2.838863169331240897e+03
1.597499999999977272e+00 2.834320988329110151e+03
1.600055999999977274e+00 2.829793319083283222e+03
1.602611999999977277e+00 2.825280092159759988e+03
1.605167999999977058e+00 2.820781238566780303e+03
1.607723999999977060e+00 2.816296689751311987e+03
1.610279999999977063e+00 2.811826377595566555e+03
1.612835999999976844e+00 2.807370234413553590e+03
1.615391999999976846e+00 2.802928192947661501e+03
1.617947999999976849e+00 2.798500186365280115e+03
1.620503999999976852e+00 2.794086148255443277e+03
1.623059999999976633e+00 2.789686012625515559e+03
1.625615999999976635e+00 2.785299713897898073e+03
1.628171999999976638e+00 2.780927186906775205e+03
1.630727999999976641e+00 2.776568366894888186e+03
1.633283999999976421e+00 2.772223189510335942e+03
1.635839999999976424e+00 2.767891590803410054e+03
1.638395999999976427e+00 2.763573507223457909e+03
1.640951999999976207e+00 2.759268875615774959e+03
1.643507999999976210e+00 2.754977633218527899e+03
1.646063999999976213e+00 2.750699717659701491e+03
1.648619999999976216e+00 2.746435066954079502e+03
1.651175999999975996e+00 2.742183619500250643e+03
1.653731999999975999e+00 2.737945314077642252e+03
1.656287999999976002e+00 2.733720089843582173e+03
1.658843999999975782e+00 2.729507886330387919e+03
1.661399999999976007e+00 2.725308643442482207e+03
1.663955999999976010e+00 2.721122301453535783e+03
1.666511999999976013e+00 2.716948801003634344e+03
1.669067999999975793e+00 2.712788083096475020e+03
1.671623999999975796e+00 2.708640089096585598e+03
1.674179999999975799e+00 2.704504760726569657e+03
1.676735999999975801e+00 2.700382040064378998e+03
1.679291999999975582e+00 2.696271869540608805e+03
1.681847999999975585e+00 2.692174191935817362e+03
1.684403999999975587e+00 2.688088950377873516e+03
1.686959999999975368e+00 2.684016088339320049e+03
1.689515999999975371e+00 2.679955549634774343e+03
1.692071999999975374e+00 2.675907278418338137e+03
1.694627999999975376e+00 2.671871219181041397e+03
1.697183999999975157e+00 2.667847316748302546e+03
1.699739999999975160e+00 2.663835516277417810e+03
1.702295999999975162e+00 2.659835763255065103e+03
1.704851999999974943e+00 2.655848003494840668e+03
1.707407999999974946e+00 2.651872183134807074e+03
1.709963999999974948e+00 2.647908248635069413e+03
1.712519999999974951e+00 2.643956146775374236e+03
1.715075999999974732e+00 2.640015824652728043e+03
1.717631999999974735e+00 2.636087229679031225e+03
1.720187999999974737e+00 2.632170309578745673e+03
1.722743999999974740e+00 2.628265012386573289e+03
1.725299999999974521e+00 2.624371286445154510e+03
1.727855999999974523e+00 2.620489080402797299e+03
1.730411999999974526e+00 2.616618343211214324e+03
1.732967999999974307e+00 2.612759024123288327e+03
1.735523999999974309e+00 2.608911072690853871e+03
1.738079999999974312e+00 2.605074438762497721e+03
1.740635999999974315e+00 2.601249072481381972e+03
1.743191999999974096e+00 2.597434924283084001e+03
1.745747999999974098e+00 2.593631944893454147e+03
1.748303999999974101e+00 2.589840085326497501e+03
1.750859999999973882e+00 2.586059296882266153e+03
1.753415999999973884e+00 2.582289531144777811e+03
1.755971999999973887e+00 2.578530739979947157e+03
1.758527999999973890e+00 2.574782875533538572e+03
1.761083999999973670e+00 2.571045890229133420e+03
1.763639999999973673e+00 2.567319736766120059e+03
1.766195999999973676e+00 2.563604368117693866e+03
1.768751999999973679e+00 2.559899737528883179e+03
1.771307999999973459e+00 2.556205798514584330e+03
1.773863999999973462e+00 2.552522504857621243e+03
1.776419999999973465e+00 2.548849810606813662e+03
1.778975999999973245e+00 2.545187670075069491e+03
1.781531999999973248e+00 2.541536037837489403e+03
1.784087999999973251e+00 2.537894868729486916e+03
1.786643999999973476e+00 2.534264117844929842e+03
1.789199999999973256e+00 2.530643740534291283e+03
1.791755999999973259e+00 2.527033692402820634e+03
1.794311999999973262e+00 2.523433929308729148e+03
1.796867999999973042e+00 2.519844407361389585e+03
1.799423999999973045e+00 2.516265082919553606e+03
1.801979999999973048e+00 2.512695912589581894e+03
1.804535999999973050e+00 2.509136853223692469e+03
1.807091999999972831e+00 2.505587861918220824e+03
1.809647999999972834e+00 2.502048896011894612e+03
1.812203999999972837e+00 2.498519913084126983e+03
1.814759999999972839e+00 2.495000870953319009e+03
1.817315999999972620e+00 2.491491727675182119e+03
1.819871999999972623e+00 2.487992441541067365e+03
1.822427999999972625e+00 2.484502971076316953e+03
1.824983999999972406e+00 2.481023275038623069e+03
1.827539999999972409e+00 2.477553312416406243e+03
1.830095999999972411e+00 2.474093042427198270e+03
1.832651999999972414e+00 2.470642424516051506e+03
1.835207999999972195e+00 2.467201418353949066e+03
1.837763999999972198e+00 2.463769983836235951e+03
1.840319999999972200e+00 2.460348081081062446e+03
1.842875999999971981e+00 2.456935670427835703e+03
1.845431999999971984e+00 2.453532712435688609e+03
1.847987999999971986e+00 2.450139167881963203e+03
1.850543999999971989e+00 2.446754997760698188e+03
1.853099999999971770e+00 2.443380163281139630e+03
1.855655999999971772e+00 2.440014625866256210e+03
1.858211999999971775e+00 2.436658347151269481e+03
1.860767999999971778e+00 2.433311288982197311e+03
1.863323999999971559e+00 2.429973413414406423e+03
1.865879999999971561e+00 2.426644682711179030e+03
1.868435999999971564e+00 2.423325059342292207e+03
1.870991999999971345e+00 2.420014505982605442e+03
1.873547999999971347e+00 2.416712985510661838e+03
1.876103999999971350e+00 2.413420461007303402e+03
1.878659999999971353e+00 2.410136895754289526e+03
1.881215999999971134e+00 2.406862253232938656e+03
1.883771999999971136e+00 2.403596497122767687e+03
1.886327999999971139e+00 2.400339591300155462e+03
1.888883999999971142e+00 2.397091499837006722e+03
1.891439999999970922e+00 2.393852186999430614e+03
1.893995999999970925e+00 2.390621617246433743e+03
1.896551999999970928e+00 2.387399755228618233e+03
1.899107999999970708e+00 2.384186565786891151e+03
1.901663999999970711e+00 2.380982013951188037e+03
1.904219999999970714e+00 2.377786064939203243e+03
1.906775999999970717e+00 2.374598684155130286e+03
1.909331999999970497e+00 2.371419837188415841e+03
1.911887999999970500e+00 2.368249489812520096e+03
1.914443999999970503e+00 2.365087607983687576e+03
1.916999999999970283e+00 2.361934157839731142e+03
1.919555999999970508e+00 2.358789105698820094e+03
1.922111999999970511e+00 2.355652418058281455e+03
1.924667999999970514e+00 2.352524061593414444e+03
1.927223999999970294e+00 2.349404003156304498e+03
1.929779999999970297e+00 2.346292209774655930e+03
1.932335999999970300e+00 2.343188648650629602e+03
1.934891999999970302e+00 2.340093287159691045e+03
1.937447999999970083e+00 2.337006092849466768e+03
1.940003999999970086e+00 2.333927033438609214e+03
1.942559999999970088e+00 2.330856076815675351e+03
1.945115999999969869e+00 2.327793191038003897e+03
1.947671999999969872e+00 2.324738344330614837e+03
1.950227999999969875e+00 2.321691505085105291e+03
1.952783999999969877e+00 2.318652641858562674e+03
1.955339999999969658e+00 2.315621723372481028e+03
1.957895999999969661e+00 2.312598718511688730e+03
1.960451999999969663e+00 2.309583596323283928e+03
1.963007999999969444e+00 2.306576326015578161e+03
1.965563999999969447e+00 2.303576876957046352e+03
1.968119999999969449e+00 2.300585218675289525e+03
1.970675999999969452e+00 2.297601320856000712e+03
1.973231999999969233e+00 2.294625153341944042e+03
1.975787999999969236e+00 2.291656686131932474e+03
1.978343999999969238e+00 2.288695889379828259e+03
1.980899999999969241e+00 2.285742733393536128e+03
1.983455999999969022e+00 2.282797188634011945e+03
1.986011999999969024e+00 2.279859225714280910e+03
1.988567999999969027e+00 2.276928815398456209e+03
1.991123999999968808e+00 2.274005928600771767e+03
1.993679999999968810e+00 2.271090536384620009e+03
1.996235999999968813e+00 2.268182609961594608e+03
1.998791999999968816e+00 2.265282120690546435e+03
2.001347999999968597e+00 2.262389040076639958e+03
2.003903999999968821e+00 2.259503339770422372e+03
2.006459999999968602e+00 2.256624991566895005e+03
2.009015999999968383e+00 2.253753967404597915e+03
2.011571999999968607e+00 2.250890239364695390e+03
2.014127999999968388e+00 2.248033779670072363e+03
2.016683999999968613e+00 2.245184560684433563e+03
2.019239999999968393e+00 2.242342554911416755e+03
2.021795999999968174e+00 2.239507734993704616e+03
2.024351999999968399e+00 2.236680073712147532e+03
2.026907999999968180e+00 2.233859543984895481e+03
2.029463999999967960e+00 2.231046118866527650e+03
2.032019999999968185e+00 2.228239771547199325e+03
2.034575999999967966e+00 2.225440475351789246e+03
2.037131999999967746e+00 2.222648203739052860e+03
2.039687999999967971e+00 2.219862930300784228e+03
2.042243999999967752e+00 2.217084628760984288e+03
2.044799999999967977e+00 2.214313272975033669e+03
2.047355999999967757e+00 2.211548836928872788e+03
2.049911999999967538e+00 2.208791294738189663e+03
2.052467999999967763e+00 2.206040620647606829e+03
2.055023999999967543e+00 2.203296789029886440e+03
2.057579999999967324e+00 2.200559774385129458e+03
2.060135999999967549e+00 2.197829551339987120e+03
2.062691999999967329e+00 2.195106094646876954e+03
2.065247999999967110e+00 2.192389379183205165e+03
2.067803999999967335e+00 2.189679379950593557e+03
2.070359999999967116e+00 2.186976072074111926e+03
2.072915999999967340e+00 2.184279430801517265e+03
2.075471999999967121e+00 2.181589431502501157e+03
2.078027999999966902e+00 2.178906049667935349e+03
2.080583999999967126e+00 2.176229260909129607e+03
2.083139999999966907e+00 2.173559040957094112e+03
2.085695999999967132e+00 2.170895365661804135e+03
2.088251999999966912e+00 2.168238210991471533e+03
2.090807999999966693e+00 2.165587553031823973e+03
2.093363999999966918e+00 2.162943367985387340e+03
2.095919999999966699e+00 2.160305632170770878e+03
2.098475999999966479e+00 2.157674322021963690e+03
2.101031999999966704e+00 2.155049414087630339e+03
2.103587999999966485e+00 2.152430885030415993e+03
2.106143999999966265e+00 2.149818711626252480e+03
2.108699999999966490e+00 2.147212870763675255e+03
2.111255999999966271e+00 2.144613339443138102e+03
2.113811999999966496e+00 2.142020094776338738e+03
2.116367999999966276e+00 2.139433113985546242e+03
2.118923999999966057e+00 2.136852374402933947e+03
2.121479999999966282e+00 2.134277853469918227e+03
2.124035999999966062e+00 2.131709528736500943e+03
2.126591999999965843e+00 2.129147377860615961e+03
2.129147999999966068e+00 2.126591378607481602e+03
2.131703999999965848e+00 2.124041508848959438e+03
2.134259999999965629e+00 2.121497746562913107e+03
2.136815999999965854e+00 2.118960069832574391e+03
2.139371999999965634e+00 2.116428456845917026e+03
2.141927999999965859e+00 2.113902885895026884e+03
2.144483999999965640e+00 2.111383335375485785e+03
2.147039999999965421e+00 2.108869783785753043e+03
2.149595999999965645e+00 2.106362209726554738e+03
2.152151999999965426e+00 2.103860591900276177e+03
2.154707999999965207e+00 2.101364909110358894e+03
2.157263999999965431e+00 2.098875140260701755e+03
2.159819999999965212e+00 2.096391264355067960e+03
2.162375999999964993e+00 2.093913260496492512e+03
2.164931999999965218e+00 2.091441107886696955e+03
2.167487999999964998e+00 2.088974785825510025e+03
2.170043999999965223e+00 2.086514273710285579e+03
2.172599999999965004e+00 2.084059551035332333e+03
2.175155999999964784e+00 2.081610597391342708e+03
2.177711999999965009e+00 2.079167392464827117e+03
2.180267999999964790e+00 2.076729916037552812e+03
2.182823999999964570e+00 2.074298147985986816e+03
2.185379999999964795e+00 2.071872068280739768e+03
2.187935999999964576e+00 2.069451656986019316e+03
2.190491999999964357e+00 2.067036894259081237e+03
2.193047999999964581e+00 2.064627760349688288e+03
2.195603999999964362e+00 2.062224235599572239e+03
2.198159999999964143e+00 2.059826300441898184e+03
2.200715999999964367e+00 2.057433935400734754e+03
2.203271999999964148e+00 2.055047121090525252e+03
2.205827999999964373e+00 2.052665838215565145e+03
2.208383999999964153e+00 2.050290067569482744e+03
2.210939999999963934e+00 2.047919790034720791e+03
2.213495999999964159e+00 2.045554986582024640e+03
2.216051999999963940e+00 2.043195638269935216e+03
2.218607999999963720e+00 2.040841726244279016e+03
2.221163999999963945e+00 2.038493231737668793e+03
2.223719999999963726e+00 2.036150136069005157e+03
2.226275999999963506e+00 2.033812420642979305e+03
2.228831999999963731e+00 2.031480066949581669e+03
2.231387999999963512e+00 2.029153056563614427e+03
2.233943999999963737e+00 2.026831371144205605e+03
2.236499999999963517e+00 2.024514992434326814e+03
2.239055999999963298e+00 2.022203902260315544e+03
2.241611999999963967e+00 2.019898082531398813e+03
2.244167999999963747e+00 2.017597515239222730e+03
2.246723999999963528e+00 2.015302182457380923e+03
2.249279999999963753e+00 2.013012066340952515e+03
2.251835999999963533e+00 2.010727149126037602e+03
2.254391999999963314e+00 2.008447413129296820e+03
2.256947999999963539e+00 2.006172840747497730e+03
2.259503999999963320e+00 2.003903414457060308e+03
2.262059999999963544e+00 2.001639116813606734e+03
2.264615999999963325e+00 1.999379930451515520e+03
2.267171999999963106e+00 1.997125838083476765e+03
2.269727999999963330e+00 1.994876822500050139e+03
2.272283999999963111e+00 1.992632866569230146e+03
2.274839999999962892e+00 1.990393953236007974e+03
2.277395999999963117e+00 1.988160065521939714e+03
2.279951999999962897e+00 1.985931186524718896e+03
2.282507999999962678e+00 1.983707299417750392e+03
2.285063999999962903e+00 1.981488387449723405e+03
2.287619999999962683e+00 1.979274433944194470e+03
2.290175999999962464e+00 1.977065422299169541e+03
2.292731999999962689e+00 1.974861335986686754e+03
2.295287999999962469e+00 1.972662158552405344e+03
2.297843999999962694e+00 1.970467873615197050e+03
2.300399999999962475e+00 1.968278464866738204e+03
2.302955999999962255e+00 1.966093916071106378e+03
2.305511999999962480e+00 1.963914211064378833e+03
2.308067999999962261e+00 1.961739333754233030e+03
2.310623999999962042e+00 1.959569268119552362e+03
2.313179999999962266e+00 1.957403998210031659e+03
2.315735999999962047e+00 1.955243508145786109e+03
2.318291999999961828e+00 1.953087782116963353e+03
2.320847999999962052e+00 1.950936804383358776e+03
2.323403999999961833e+00 1.948790559274031011e+03
2.325959999999962058e+00 1.946649031186922002e+03
2.328515999999961839e+00 1.944512204588478198e+03
2.331071999999961619e+00 1.942380064013277661e+03
2.333627999999961844e+00 1.940252594063652396e+03
2.336183999999961625e+00 1.938129779409322509e+03
2.338739999999961405e+00 1.936011604787023998e+03
2.341295999999961630e+00 1.933898055000146542e+03
2.343851999999961411e+00 1.931789114918366067e+03
2.346407999999961191e+00 1.929684769477287091e+03
2.348963999999961416e+00 1.927585003678082785e+03
2.351519999999961197e+00 1.925489802587138229e+03
2.354075999999961422e+00 1.923399151335697070e+03
2.356631999999961202e+00 1.921313035119509323e+03
2.359187999999960983e+00 1.919231439198481439e+03
2.361743999999961208e+00 1.917154348896331612e+03
2.364299999999960988e+00 1.915081749600241210e+03
2.366855999999960769e+00 1.913013626760515081e+03
2.369411999999960994e+00 1.910949965890239127e+03
2.371967999999960774e+00 1.908890752564943114e+03
2.374523999999960555e+00 1.906835972422264831e+03
2.377079999999960780e+00 1.904785611161614952e+03
2.379635999999960561e+00 1.902739654543846200e+03
2.382191999999960341e+00 1.900698088390923886e+03
2.384747999999960566e+00 1.898660898585598034e+03
2.387303999999960347e+00 1.896628071071077784e+03
2.389859999999960571e+00 1.894599591850707611e+03
2.392415999999960352e+00 1.892575446987647638e+03
2.394971999999960133e+00 1.890555622604553946e+03
2.397527999999960358e+00 1.888540104883259801e+03
2.400083999999960138e+00 1.886528880064462555e+03
2.402639999999959919e+00 1.884521934447409876e+03
2.405195999999960144e+00 1.882519254389588468e+03
2.407751999999959924e+00 1.880520826306415302e+03
2.410307999999959705e+00 1.878526636670929065e+03
2.412863999999959930e+00 1.876536672013487305e+03
2.415419999999959710e+00 1.874550918921461744e+03
2.417975999999959935e+00 1.872569364038936328e+03
2.420531999999959716e+00 1.870591994066410052e+03
2.423087999999959496e+00 1.868618795760496369e+03
2.425643999999959721e+00 1.866649755933630559e+03
2.428199999999959502e+00 1.864684861453773237e+03
2.430755999999959283e+00 1.862724099244120225e+03
2.433311999999959507e+00 1.860767456282812418e+03
2.435867999999959288e+00 1.858814919602646569e+03
2.438423999999959069e+00 1.856866476290788569e+03
2.440979999999959293e+00 1.854922113488491277e+03
2.443535999999959074e+00 1.852981818390808257e+03
2.446091999999959299e+00 1.851045578246315245e+03
2.448647999999959080e+00 1.849113380356829566e+03
2.451203999999958860e+00 1.847185212077132064e+03
2.453759999999959085e+00 1.845261060814693110e+03
2.456315999999958866e+00 1.843340914029397481e+03
2.458871999999958646e+00 1.841424759233271061e+03
2.461427999999958871e+00 1.839512583990211397e+03
2.463983999999958652e+00 1.837604375915717810e+03
2.466539999999958432e+00 1.835700122676624460e+03
2.469095999999958657e+00 1.833799811990835451e+03
2.471651999999958438e+00 1.831903431627058126e+03
2.474207999999958663e+00 1.830010969404544994e+03
2.476763999999958443e+00 1.828122413192827480e+03
2.479319999999958224e+00 1.826237750911461490e+03
2.481875999999958449e+00 1.824356970529767523e+03
2.484431999999958229e+00 1.822480060066575106e+03
2.486987999999958010e+00 1.820607007589968816e+03
2.489543999999958235e+00 1.818737801217033848e+03
2.492099999999958015e+00 1.816872429113607723e+03
2.494655999999957796e+00 1.815010879494026995e+03
2.497211999999958465e+00 1.813153140620881231e+03
2.499767999999958246e+00 1.811299200804767224e+03
2.502323999999957582e+00 1.809449048404041150e+03
2.504879999999958251e+00 1.807602671824576419e+03
2.507435999999958032e+00 1.805760059519521519e+03
2.509991999999958256e+00 1.803921199989059460e+03
2.512547999999958037e+00 1.802086081780167660e+03
2.515103999999957818e+00 1.800254693486380575e+03
2.517659999999958043e+00 1.798427023747554585e+03
2.520215999999957823e+00 1.796603061249631537e+03
2.522771999999957604e+00 1.794782794724404766e+03
2.525327999999957829e+00 1.792966212949290366e+03
2.527883999999957609e+00 1.791153304747092307e+03
2.530439999999957390e+00 1.789344058985776201e+03
2.532995999999957615e+00 1.787538464578240564e+03
2.535551999999957395e+00 1.785736510482089443e+03
2.538107999999957620e+00 1.783938185699410042e+03
2.540663999999957401e+00 1.782143479276544667e+03
2.543219999999957182e+00 1.780352380303873360e+03
2.545775999999957406e+00 1.778564877915588340e+03
2.548331999999957187e+00 1.776780961289477318e+03
2.550887999999956968e+00 1.775000619646704081e+03
2.553443999999957192e+00 1.773223842251591577e+03
2.555999999999956973e+00 1.771450618411405685e+03
2.556000000000000050e+00 1.771450618413441134e+03
