0.000000000000000000e+00 nan
2.556000000000000112e-03 1.397442946562791318e-05
5.112000000000000224e-03 1.187111580027605968e-04
7.667999999999999469e-03 4.564065837044476446e-04
1.022400000000000045e-02 1.236561340448104991e-03
1.278000000000000143e-02 2.735411258470593545e-03
1.533600000000000067e-02 5.295727630776527438e-03
1.789200000000000165e-02 9.326533987883521212e-03
2.044800000000000090e-02 1.530276726942153727e-02
2.300400000000000014e-02 2.376488450512031364e-02
2.555999999999999939e-02 3.531841507184522305e-02
2.811599999999999863e-02 5.063345872900770761e-02
3.067199999999999441e-02 7.044412974313138398e-02
3.322800000000000059e-02 9.554794748176380359e-02
3.578399999999999637e-02 1.268051739090943486e-01
3.833999999999999908e-02 1.651380984606020674e-01
4.089600000000000180e-02 2.115302708158303957e-01
4.345200000000000451e-02 2.670256821286066118e-01
4.600800000000000722e-02 3.327278953133713246e-01
4.856400000000000994e-02 4.097991250250627715e-01
5.112000000000001265e-02 4.994592680083388414e-01
5.367600000000001537e-02 6.029848845298675375e-01
5.623200000000001808e-02 7.217081316449930339e-01
5.878800000000002079e-02 8.570156490872943289e-01
6.134400000000001657e-02 1.010347398606362024e+00
6.390000000000001235e-02 1.183195457615546564e+00
6.645600000000002894e-02 1.377102768047415493e+00
6.901200000000001777e-02 1.593661841350209496e+00
7.156800000000003437e-02 1.834513420593667288e+00
7.412400000000002320e-02 2.101345100687161516e+00
7.668000000000002592e-02 2.395889907747172920e+00
7.923600000000002863e-02 2.719924838684611768e+00
8.179200000000003135e-02 3.075269362115466087e+00
8.434800000000003406e-02 3.463783881730565728e+00
8.690400000000003677e-02 3.887368163291967438e+00
8.946000000000003949e-02 4.347959726454490692e+00
9.201600000000004220e-02 4.847532202641293253e+00
9.457200000000004492e-02 5.388093660231980664e+00
9.712800000000004763e-02 5.971684898350628323e+00
9.968400000000003647e-02 6.600377710569152789e+00
1.022400000000000531e-01 7.276273119868760908e+00
1.047960000000000419e-01 8.001499586228577598e+00
1.073520000000000585e-01 8.778211188236150875e+00
1.099080000000000473e-01 9.608585780139051735e+00
1.124640000000000639e-01 1.049482312578056664e+01
1.150200000000000528e-01 1.143914301088507912e+01
1.175760000000000693e-01 1.244378333518046453e+01
1.201320000000000582e-01 1.351099818586544643e+01
1.226880000000000748e-01 1.464305589394938245e+01
1.252440000000000497e-01 1.584223707501047507e+01
1.278000000000000524e-01 1.711083265593560299e+01
1.303560000000000552e-01 1.845114188922114096e+01
1.329120000000000579e-01 1.986547035642916015e+01
1.354680000000000606e-01 2.135612796240683764e+01
1.380240000000000633e-01 2.292542692188964892e+01
1.405800000000000660e-01 2.457567974011977796e+01
1.431360000000000965e-01 2.630919718912113581e+01
1.456920000000000714e-01 2.812828628128075792e+01
1.482480000000000742e-01 3.003524824189351605e+01
1.508040000000000769e-01 3.203237648233262291e+01
1.533600000000000796e-01 3.412195457551270295e+01
1.559160000000000823e-01 3.630625423531516560e+01
1.584720000000000850e-01 3.858753330164654471e+01
1.610280000000000877e-01 4.096803373280074112e+01
1.635840000000000904e-01 4.344997960679403093e+01
1.661400000000000932e-01 4.603557513333868911e+01
1.686960000000000959e-01 4.872700267811631392e+01
1.712520000000000986e-01 5.152642080100541477e+01
1.738080000000001013e-01 5.443596230991009577e+01
1.763640000000000763e-01 5.745773233182706718e+01
1.789200000000001067e-01 6.059380640277721142e+01
1.814760000000001094e-01 6.384622857821497632e+01
1.840320000000001122e-01 6.721700956551494244e+01
1.865880000000000871e-01 7.070812488011866037e+01
1.891440000000001176e-01 7.432151302690745354e+01
1.917000000000001203e-01 7.805907370834766823e+01
1.942560000000001230e-01 8.192266606093419057e+01
1.968120000000000980e-01 8.591410692143570316e+01
1.993680000000001007e-01 9.003516912442088937e+01
2.019240000000001312e-01 9.428757983251985308e+01
2.044800000000001339e-01 9.867301890084718252e+01
2.070360000000001366e-01 1.031931172769852196e+02
2.095920000000001115e-01 1.078494554378951307e+02
2.121480000000001420e-01 1.126435618650922237e+02
2.147040000000001447e-01 1.175769115593886767e+02
2.172600000000001474e-01 1.226509245964716683e+02
2.198160000000001224e-01 1.278669647245497600e+02
2.223720000000001529e-01 1.332263380052617379e+02
2.249280000000001556e-01 1.387302914990041245e+02
2.274840000000001583e-01 1.443800119957930406e+02
2.300400000000001333e-01 1.501766247927343159e+02
2.325960000000001360e-01 1.561211925191333307e+02
2.351520000000001664e-01 1.622147140102321714e+02
2.377080000000001692e-01 1.684581232305154685e+02
2.402640000000001441e-01 1.748522882474817948e+02
2.428200000000001468e-01 1.813980102567282984e+02
2.453760000000001773e-01 1.880960226591489857e+02
2.479320000000001800e-01 1.949469901909972975e+02
2.504880000000001550e-01 2.019515081075131491e+02
2.530440000000001577e-01 2.091101014207640958e+02
2.556000000000001604e-01 2.164232241922973401e+02
2.581560000000001631e-01 2.238912588811476212e+02
2.607120000000001658e-01 2.315145157476920019e+02
2.632680000000002241e-01 2.392932323137890478e+02
2.658240000000001713e-01 2.472275728795844145e+02
2.683800000000001740e-01 2.553176280973118253e+02
2.709360000000001767e-01 2.635634146023604103e+02
2.734920000000001794e-01 2.719648747018259201e+02
2.760480000000001821e-01 2.805218761207063380e+02
2.786040000000001848e-01 2.892342118058452343e+02
2.811600000000001875e-01 2.981015997876727965e+02
2.837160000000001903e-01 3.071236830997340235e+02
2.862720000000002485e-01 3.163000297559408409e+02
2.888280000000001957e-01 3.256301327854269516e+02
2.913840000000001984e-01 3.351134103248272709e+02
2.939400000000002011e-01 3.447492057677503681e+02
2.964960000000002038e-01 3.545367879711541264e+02
2.990520000000002065e-01 3.644753515182821388e+02
3.016080000000002093e-01 3.745640170377611184e+02
3.041640000000002120e-01 3.848018315784077572e+02
3.067200000000002147e-01 3.951877690392381055e+02
3.092760000000002174e-01 4.057207306541210983e+02
3.118320000000002201e-01 4.163995455304645930e+02
3.143880000000002228e-01 4.272229712412708977e+02
3.169440000000002255e-01 4.381896944698500533e+02
3.195000000000002283e-01 4.492983317064273479e+02
3.220560000000002310e-01 4.605474299958341931e+02
3.246120000000002337e-01 4.719354677354235150e+02
3.271680000000002364e-01 4.834608555223072131e+02
3.297240000000001836e-01 4.951219370489620246e+02
3.322800000000002418e-01 5.069169900462139253e+02
3.348360000000002445e-01 5.188442272725627618e+02
3.373920000000002473e-01 5.309017975487705598e+02
3.399480000000002500e-01 5.430877868365971608e+02
3.425040000000002527e-01 5.554002193605257389e+02
3.450600000000002554e-01 5.678370587712900033e+02
3.476160000000002581e-01 5.803962093499718549e+02
3.501720000000002608e-01 5.930755172514121796e+02
3.527280000000002080e-01 6.058727717856389745e+02
3.552840000000002663e-01 6.187857067359933581e+02
3.578400000000002690e-01 6.318120017125993400e+02
3.603960000000002717e-01 6.449492835397992394e+02
3.629520000000002744e-01 6.581951276761535610e+02
3.655080000000002771e-01 6.715470596655752615e+02
3.680640000000002798e-01 6.850025566181548129e+02
3.706200000000002825e-01 6.985590487192030196e+02
3.731760000000002298e-01 7.122139207650310482e+02
3.757320000000002880e-01 7.259645137239639325e+02
3.782880000000002907e-01 7.398081263210715406e+02
3.808440000000002934e-01 7.537420166450908710e+02
3.834000000000002961e-01 7.677634037760028605e+02
3.859560000000002988e-01 7.818694694317130143e+02
3.885120000000003015e-01 7.960573596322884669e+02
3.910680000000003043e-01 8.103241863801913496e+02
3.936240000000002515e-01 8.246670293549470898e+02
3.961800000000002542e-01 8.390829376206897905e+02
3.987360000000003124e-01 8.535689313450209283e+02
4.012920000000003151e-01 8.681220035276265889e+02
4.038480000000003178e-01 8.827391217370995946e+02
4.064040000000003205e-01 8.974172298544161777e+02
4.089600000000003233e-01 9.121532498215367468e+02
4.115160000000003260e-01 9.269440833935907449e+02
4.140720000000002732e-01 9.417866138931387923e+02
4.166280000000002759e-01 9.566777079649996267e+02
4.191840000000002786e-01 9.716142173301581124e+02
4.217400000000003368e-01 9.865929805372761621e+02
4.242960000000003395e-01 1.001610824710354450e+03
4.268520000000003423e-01 1.016664567291107687e+03
4.294080000000003450e-01 1.031751017774637603e+03
4.319640000000003477e-01 1.046866979437012105e+03
4.345200000000003504e-01 1.062009251053380467e+03
4.370760000000002976e-01 1.077174628605278258e+03
4.396320000000003003e-01 1.092359906975808826e+03
4.421880000000003030e-01 1.107561881631405186e+03
4.447440000000003613e-01 1.122777350288912430e+03
4.473000000000003640e-01 1.138003114566759677e+03
4.498560000000003667e-01 1.153235981619016002e+03
4.524120000000003694e-01 1.168472765751164388e+03
4.549680000000003721e-01 1.183710290016455474e+03
4.575240000000003193e-01 1.198945387791733538e+03
4.600800000000003220e-01 1.214174904331673588e+03
4.626360000000003248e-01 1.229395698300385902e+03
4.651920000000003275e-01 1.244604643279396896e+03
4.677480000000003857e-01 1.259798629251043621e+03
4.703040000000003884e-01 1.274974564056353302e+03
4.728600000000003911e-01 1.290129374826527055e+03
4.754160000000003938e-01 1.305260009387174023e+03
4.779720000000003410e-01 1.320363437634488491e+03
4.805280000000003437e-01 1.335436652882598764e+03
4.830840000000003465e-01 1.350476673181355636e+03
4.856400000000003492e-01 1.365480542603865388e+03
4.881960000000003519e-01 1.380445332503118834e+03
4.907520000000004101e-01 1.395368142737099561e+03
4.933080000000004128e-01 1.410246102861799272e+03
4.958640000000004155e-01 1.425076373291606615e+03
4.984200000000004183e-01 1.439856146426577197e+03
5.009760000000004210e-01 1.454582647746125531e+03
5.035320000000004237e-01 1.469253136868732327e+03
5.060880000000004264e-01 1.483864908577284496e+03
5.086440000000004291e-01 1.498415293809714967e+03
5.112000000000003208e-01 1.512901660614647199e+03
5.137560000000003235e-01 1.527321415071779484e+03
5.163120000000002152e-01 1.541672002176796013e+03
5.188680000000001069e-01 1.555950906690614602e+03
5.214240000000001096e-01 1.570155653952827834e+03
5.239800000000000013e-01 1.584283810659233040e+03
5.265360000000000040e-01 1.598332985603366978e+03
5.290920000000000067e-01 1.612300830382021104e+03
5.316480000000000095e-01 1.626185040064722671e+03
5.342039999999999011e-01 1.639983353827223482e+03
5.367599999999997928e-01 1.653693555549050416e+03
5.393159999999997956e-01 1.667313474375231408e+03
5.418719999999996872e-01 1.680840985242307170e+03
5.444279999999996900e-01 1.694274009368810312e+03
5.469839999999995817e-01 1.707610514710387633e+03
5.495399999999995844e-01 1.720848516379798411e+03
5.520959999999994761e-01 1.733986077032033791e+03
5.546519999999994788e-01 1.747021307214837407e+03
5.572079999999993705e-01 1.759952365684933056e+03
5.597639999999992622e-01 1.772777459690292744e+03
5.623199999999992649e-01 1.785494845218799355e+03
5.648759999999991566e-01 1.798102827213691171e+03
5.674319999999991593e-01 1.810599759756186359e+03
5.699879999999990510e-01 1.822984046215722856e+03
5.725439999999990537e-01 1.835254139368256119e+03
5.750999999999989454e-01 1.847408541483092449e+03
5.776559999999989481e-01 1.859445804378737876e+03
5.802119999999988398e-01 1.871364529448282838e+03
5.827679999999987315e-01 1.883163367654837884e+03
5.853239999999987342e-01 1.894841019497567459e+03
5.878799999999986259e-01 1.906396234948887468e+03
5.904359999999986286e-01 1.917827813363387122e+03
5.929919999999985203e-01 1.929134603359073026e+03
5.955479999999986340e-01 1.940315502671529657e+03
5.981039999999985257e-01 1.951369457981615597e+03
6.006599999999985284e-01 1.962295464717310779e+03
6.032159999999984201e-01 1.973092566830354372e+03
6.057719999999983118e-01 1.983759856548312655e+03
6.083279999999983145e-01 1.994296474102734010e+03
6.108839999999982062e-01 2.004701607434038351e+03
6.134399999999982089e-01 2.014974491873820625e+03
6.159959999999981006e-01 2.025114409805224795e+03
6.185519999999981033e-01 2.035120690302077264e+03
6.211079999999979950e-01 2.044992708747447523e+03
6.236639999999979977e-01 2.054729886432329749e+03
6.262199999999978894e-01 2.064331690135119970e+03
6.287759999999977811e-01 2.073797631682585234e+03
6.313319999999977838e-01 2.083127267493006912e+03
6.338879999999976755e-01 2.092320198102186623e+03
6.364439999999976783e-01 2.101376067673003490e+03
6.389999999999975699e-01 2.110294563489206666e+03
6.415559999999975727e-01 2.119075415434128900e+03
6.441119999999974644e-01 2.127718395455004156e+03
6.466679999999974671e-01 2.136223317013556880e+03
6.492239999999973588e-01 2.144590034523553641e+03
6.517799999999972504e-01 2.152818442775972471e+03
6.543359999999972532e-01 2.160908476352457456e+03
6.568919999999971449e-01 2.168860109027725684e+03
6.594479999999972586e-01 2.176673353161565956e+03
6.620039999999971503e-01 2.184348259081085416e+03
6.645599999999971530e-01 2.191884914453838064e+03
6.671159999999970447e-01 2.199283443652466758e+03
6.696719999999970474e-01 2.206544007111484916e+03
6.722279999999969391e-01 2.213666800676803632e+03
6.747839999999968308e-01 2.220652054948625391e+03
6.773399999999968335e-01 2.227500034618283280e+03
6.798959999999967252e-01 2.234211037799625501e+03
6.824519999999967279e-01 2.240785395355513174e+03
6.850079999999966196e-01 2.247223470220010313e+03
6.875639999999966223e-01 2.253525656716803041e+03
6.901199999999965140e-01 2.259692379874415110e+03
6.926759999999965167e-01 2.265724094738737222e+03
6.952319999999964084e-01 2.271621285683401311e+03
6.977879999999963001e-01 2.277384465718510910e+03
7.003439999999963028e-01 2.283014175798223278e+03
7.028999999999961945e-01 2.288510984127679421e+03
7.054559999999961972e-01 2.293875485469749037e+03
7.080119999999960889e-01 2.299108300452061030e+03
7.105679999999960916e-01 2.304210074874770271e+03
7.131239999999959833e-01 2.309181479019497147e+03
7.156799999999959860e-01 2.314023206959871459e+03
7.182359999999958777e-01 2.318735975874091764e+03
7.207919999999957694e-01 2.323320525359908515e+03
7.233479999999958832e-01 2.327777616752410722e+03
7.259039999999957748e-01 2.332108032445004028e+03
7.284599999999957776e-01 2.336312575213939454e+03
7.310159999999956693e-01 2.340392067546744784e+03
7.335719999999956720e-01 2.344347350974902838e+03
7.361279999999955637e-01 2.348179285411099045e+03
7.386839999999955664e-01 2.351888748491355727e+03
7.412399999999954581e-01 2.355476634922355515e+03
7.437959999999953498e-01 2.358943855834248097e+03
7.463519999999953525e-01 2.362291338139209984e+03
7.489079999999952442e-01 2.365520023896030580e+03
7.514639999999952469e-01 2.368630869680981505e+03
7.540199999999951386e-01 2.371624845965200620e+03
7.565759999999951413e-01 2.374502936498833606e+03
7.591319999999950330e-01 2.377266137702146807e+03
7.616879999999950357e-01 2.379915458063818278e+03
7.642439999999949274e-01 2.382451917546606182e+03
7.667999999999949301e-01 2.384876547000581013e+03
7.693559999999948218e-01 2.387190387584090786e+03
7.719119999999947135e-01 2.389394490192633384e+03
7.744679999999947162e-01 2.391489914895776110e+03
7.770239999999946079e-01 2.393477730382279788e+03
7.795799999999946106e-01 2.395359013413547018e+03
7.821359999999945023e-01 2.397134848285524640e+03
7.846919999999945050e-01 2.398806326299175453e+03
7.872479999999943967e-01 2.400374545239616054e+03
7.898039999999945104e-01 2.401840608864017213e+03
7.923599999999944021e-01 2.403205626398355889e+03
7.949159999999942938e-01 2.404470712043086678e+03
7.974719999999942965e-01 2.405636984487808149e+03
8.000279999999941882e-01 2.406705566434976390e+03
8.025839999999941909e-01 2.407677584132717584e+03
8.051399999999940826e-01 2.408554166916784197e+03
8.076959999999940853e-01 2.409336446761684329e+03
8.102519999999939770e-01 2.410025557841016052e+03
8.128079999999939798e-01 2.410622636097019495e+03
8.153639999999938714e-01 2.411128818819366188e+03
8.179199999999937631e-01 2.411545244233182075e+03
8.204759999999937659e-01 2.411873051096306426e+03
8.230319999999936575e-01 2.412113378305780770e+03
8.255879999999936603e-01 2.412267364513548728e+03
8.281439999999935520e-01 2.412336147751341286e+03
8.306999999999935547e-01 2.412320865064735244e+03
8.332559999999934464e-01 2.412222652156334789e+03
8.358119999999934491e-01 2.412042643038048482e+03
8.383679999999933408e-01 2.411781969692416169e+03
8.409239999999932325e-01 2.411441761742932613e+03
8.434799999999932352e-01 2.411023146133323735e+03
8.460359999999931269e-01 2.410527246815704530e+03
8.485919999999931296e-01 2.409955184447569991e+03
8.511479999999930213e-01 2.409308076097536741e+03
8.537039999999931350e-01 2.408587034959778521e+03
8.562599999999930267e-01 2.407793170077072773e+03
8.588159999999930294e-01 2.406927586072380109e+03
8.613719999999929211e-01 2.405991382888877524e+03
8.639279999999928128e-01 2.404985655538354422e+03
8.664839999999928155e-01 2.403911493857891401e+03
8.690399999999927072e-01 2.402769982274720860e+03
8.715959999999927099e-01 2.401562199579181652e+03
8.741519999999926016e-01 2.400289218705666826e+03
8.767079999999926043e-01 2.398952106521467613e+03
8.792639999999924960e-01 2.397551923623409493e+03
8.818199999999924987e-01 2.396089724142178966e+03
8.843759999999923904e-01 2.394566555554231854e+03
8.869319999999922821e-01 2.392983458501176756e+03
8.894879999999922848e-01 2.391341466616529033e+03
8.920439999999921765e-01 2.389641606359712114e+03
8.945999999999921792e-01 2.387884896857207423e+03
8.971559999999920709e-01 2.386072349750730609e+03
8.997119999999920736e-01 2.384204969052324032e+03
9.022679999999919653e-01 2.382283751006242255e+03
9.048239999999919680e-01 2.380309683957523703e+03
9.073799999999918597e-01 2.378283748227124761e+03
9.099359999999917514e-01 2.376206915993498114e+03
9.124919999999917541e-01 2.374080151180499342e+03
9.150479999999916458e-01 2.371904409351502181e+03
9.176039999999917596e-01 2.369680637609600581e+03
9.201599999999916513e-01 2.367409774503780227e+03
9.227159999999916540e-01 2.365092749940939029e+03
9.252719999999915457e-01 2.362730485103639239e+03
9.278279999999915484e-01 2.360323892373465242e+03
9.303839999999914401e-01 2.357873875259872875e+03
9.329399999999913318e-01 2.355381328334413411e+03
9.354959999999913345e-01 2.352847137170203951e+03
9.380519999999912262e-01 2.350272178286534654e+03
9.406079999999912289e-01 2.347657319098490916e+03
9.431639999999911206e-01 2.345003417871474085e+03
9.457199999999911233e-01 2.342311323680501118e+03
9.482759999999910150e-01 2.339581876374170861e+03
9.508319999999910177e-01 2.336815906543181882e+03
9.533879999999909094e-01 2.334014235493280921e+03
9.559439999999908011e-01 2.331177675222536436e+03
9.584999999999908038e-01 2.328307028402819469e+03
9.610559999999906955e-01 2.325403088365380427e+03
9.636119999999906982e-01 2.322466639090413537e+03
9.661679999999905899e-01 2.319498455200498029e+03
9.687239999999905926e-01 2.316499301957802345e+03
9.712799999999904843e-01 2.313469935264956348e+03
9.738359999999904870e-01 2.310411101669472373e+03
9.763919999999903787e-01 2.307323538371615086e+03
9.789479999999902704e-01 2.304207973235620557e+03
9.815039999999903841e-01 2.301065124804153584e+03
9.840599999999902758e-01 2.297895702315911876e+03
9.866159999999902785e-01 2.294700405726269764e+03
9.891719999999901702e-01 2.291479925730862305e+03
9.917279999999901730e-01 2.288234943792023842e+03
9.942839999999900646e-01 2.284966132167970045e+03
9.968399999999900674e-01 2.281674153944641148e+03
9.993959999999899591e-01 2.278359663070109491e+03
1.001951999999989740e+00 2.275023304391457259e+03
1.004507999999989742e+00 2.271665713694040733e+03
1.007063999999989745e+00 2.268287517743046919e+03
1.009619999999989748e+00 2.264889334327262532e+03
1.012175999999989529e+00 2.261471772304957994e+03
1.014731999999989753e+00 2.258035431651822364e+03
1.017287999999989534e+00 2.254580903510843200e+03
1.019843999999989537e+00 2.251108770244070911e+03
1.022399999999989539e+00 2.247619605486180262e+03
1.024955999999989542e+00 2.244113974199744007e+03
1.027511999999989545e+00 2.240592432732158613e+03
1.030067999999989325e+00 2.237055528874133415e+03
1.032623999999989328e+00 2.233503801919678153e+03
1.035179999999989331e+00 2.229937782727514332e+03
1.037735999999989334e+00 2.226357993783836264e+03
1.040291999999989336e+00 2.222764949266366784e+03
1.042847999999989117e+00 2.219159155109622588e+03
1.045403999999989120e+00 2.215541109071337360e+03
1.047959999999989122e+00 2.211911300799972196e+03
1.050515999999988903e+00 2.208270211903251493e+03
1.053071999999988906e+00 2.204618316017667894e+03
1.055627999999988909e+00 2.200956078878886728e+03
1.058183999999988911e+00 2.197283958393001285e+03
1.060739999999988692e+00 2.193602404708579797e+03
1.063295999999988695e+00 2.189911860289442757e+03
1.065851999999988697e+00 2.186212759988125072e+03
1.068407999999988700e+00 2.182505531119965326e+03
1.070963999999988481e+00 2.178790593537770292e+03
1.073519999999988483e+00 2.175068359707011496e+03
1.076075999999988486e+00 2.171339234781492451e+03
1.078631999999988267e+00 2.167603616679456081e+03
1.081187999999988270e+00 2.163861896160070501e+03
1.083743999999988272e+00 2.160114456900259938e+03
1.086299999999988275e+00 2.156361675571829892e+03
1.088855999999988056e+00 2.152603921918851483e+03
1.091411999999988058e+00 2.148841558835256819e+03
1.093967999999988061e+00 2.145074942442607608e+03
1.096523999999987842e+00 2.141304422168008387e+03
1.099079999999987844e+00 2.137530340822108428e+03
1.101635999999987847e+00 2.133753034677173218e+03
1.104191999999987850e+00 2.129972833545183676e+03
1.106747999999987631e+00 2.126190060855925822e+03
1.109303999999987633e+00 2.122405033735044526e+03
1.111859999999987636e+00 2.118618063082029494e+03
1.114415999999987639e+00 2.114829453648096660e+03
1.116971999999987419e+00 2.111039504113939074e+03
1.119527999999987422e+00 2.107248507167323169e+03
1.122083999999987425e+00 2.103456749580497217e+03
1.124639999999987205e+00 2.099664512287385605e+03
1.127195999999987208e+00 2.095872070460548002e+03
1.129751999999987211e+00 2.092079693587871589e+03
1.132307999999987214e+00 2.088287645548984528e+03
1.134863999999986994e+00 2.084496184691352482e+03
1.137419999999986997e+00 2.080705563906050884e+03
1.139975999999987222e+00 2.076916030703181605e+03
1.142531999999986780e+00 2.073127827286921729e+03
1.145087999999987005e+00 2.069341190630179426e+03
1.147643999999987008e+00 2.065556352548839641e+03
1.150199999999987011e+00 2.061773539775589597e+03
1.152755999999986791e+00 2.057992974033291830e+03
1.155311999999986794e+00 2.054214872107904739e+03
1.157867999999986797e+00 2.050439445920927028e+03
1.160423999999986799e+00 2.046666902601351921e+03
1.162979999999986580e+00 2.042897444557120252e+03
1.165535999999986583e+00 2.039131269546055364e+03
1.168091999999986585e+00 2.035368570746272326e+03
1.170647999999986366e+00 2.031609536826046906e+03
1.173203999999986369e+00 2.027854352013128846e+03
1.175759999999986372e+00 2.024103196163501707e+03
1.178315999999986374e+00 2.020356244829563821e+03
1.180871999999986155e+00 2.016613669327732623e+03
1.183427999999986158e+00 2.012875636805458271e+03
1.185983999999986160e+00 2.009142310307639036e+03
1.188539999999985941e+00 2.005413848842434618e+03
1.191095999999985944e+00 2.001690407446463496e+03
1.193651999999985946e+00 1.997972137249387060e+03
1.196207999999985949e+00 1.994259185537861640e+03
1.198763999999985730e+00 1.990551695818867302e+03
1.201319999999985733e+00 1.986849807882400455e+03
1.203875999999985735e+00 1.983153657863523222e+03
1.206431999999985738e+00 1.979463378303772970e+03
1.208987999999985519e+00 1.975779098211923611e+03
1.211543999999985521e+00 1.972100943124095238e+03
1.214099999999985524e+00 1.968429035163211665e+03
1.216655999999985305e+00 1.964763493097801302e+03
1.219211999999985307e+00 1.961104432400140468e+03
1.221767999999985310e+00 1.957451965303737325e+03
1.224323999999985313e+00 1.953806200860154149e+03
1.226879999999985094e+00 1.950167244995168403e+03
1.229435999999985096e+00 1.946535200564272600e+03
1.231991999999985099e+00 1.942910167407507970e+03
1.234547999999984880e+00 1.939292242403637601e+03
1.237103999999984882e+00 1.935681519523656789e+03
1.239659999999984885e+00 1.932078089883642633e+03
1.242215999999984888e+00 1.928482041796937665e+03
1.244771999999984669e+00 1.924893460825679540e+03
1.247327999999984671e+00 1.921312429831669533e+03
1.249883999999984674e+00 1.917739029026582784e+03
1.252439999999984677e+00 1.914173336021523710e+03
1.254995999999984457e+00 1.910615425875932260e+03
1.257551999999984460e+00 1.907065371145834206e+03
1.260107999999984463e+00 1.903523241931445227e+03
1.262663999999984243e+00 1.899989105924131991e+03
1.265219999999984246e+00 1.896463028452726576e+03
1.267775999999984249e+00 1.892945072529205845e+03
1.270331999999984474e+00 1.889435298893730987e+03
1.272887999999984254e+00 1.885933766059055188e+03
1.275443999999984257e+00 1.882440530354305793e+03
1.277999999999984260e+00 1.878955645968137105e+03
1.280555999999984262e+00 1.875479164991263133e+03
1.283111999999984043e+00 1.872011137458373241e+03
1.285667999999984046e+00 1.868551611389435720e+03
1.288223999999984049e+00 1.865100632830392215e+03
1.290779999999983829e+00 1.861658245893245976e+03
1.293335999999983832e+00 1.858224492795553942e+03
1.295891999999983835e+00 1.854799413899319461e+03
1.298447999999983837e+00 1.851383047749298612e+03
1.301003999999983618e+00 1.847975431110719001e+03
1.303559999999983621e+00 1.844576599006418746e+03
1.306115999999983623e+00 1.841186584753408852e+03
1.308671999999983404e+00 1.837805419998866682e+03
1.311227999999983407e+00 1.834433134755564197e+03
1.313783999999983410e+00 1.831069757436733425e+03
1.316339999999983412e+00 1.827715314890381705e+03
1.318895999999983193e+00 1.824369832433054171e+03
1.321451999999983196e+00 1.821033333883052364e+03
1.324007999999983198e+00 1.817705841593116929e+03
1.326563999999983201e+00 1.814387376482574382e+03
1.329119999999982982e+00 1.811077958068958424e+03
1.331675999999982984e+00 1.807777604499108520e+03
1.334231999999982987e+00 1.804486332579751206e+03
1.336787999999982768e+00 1.801204157807573438e+03
1.339343999999982771e+00 1.797931094398787991e+03
1.341899999999982773e+00 1.794667155318200685e+03
1.344455999999982776e+00 1.791412352307785568e+03
1.347011999999982557e+00 1.788166695914767615e+03
1.349567999999982559e+00 1.784930195519229073e+03
1.352123999999982562e+00 1.781702859361233550e+03
1.354679999999982343e+00 1.778484694567484667e+03
1.357235999999982345e+00 1.775275707177514050e+03
1.359791999999982348e+00 1.772075902169414348e+03
1.362347999999982351e+00 1.768885283485117043e+03
1.364903999999982132e+00 1.765703854055220063e+03
1.367459999999982134e+00 1.762531615823377479e+03
1.370015999999982137e+00 1.759368569770249678e+03
1.372571999999982140e+00 1.756214715937022447e+03
1.375127999999981920e+00 1.753070053448500630e+03
1.377683999999981923e+00 1.749934580535785244e+03
1.380239999999981926e+00 1.746808294558531543e+03
1.382795999999981706e+00 1.743691192026803265e+03
1.385351999999981709e+00 1.740583268622521473e+03
1.387907999999981712e+00 1.737484519220514585e+03
1.390463999999981715e+00 1.734394937909181635e+03
1.393019999999981495e+00 1.731314518010762640e+03
1.395575999999981498e+00 1.728243252101234248e+03
1.398131999999981501e+00 1.725181132029823857e+03
1.400687999999981281e+00 1.722128148938160166e+03
1.403243999999981506e+00 1.719084293279051508e+03
1.405799999999981509e+00 1.716049554834913124e+03
1.408355999999981512e+00 1.713023922735831320e+03
1.410911999999981292e+00 1.710007385477285425e+03
1.413467999999981295e+00 1.706999930937524596e+03
1.416023999999981298e+00 1.704001546394601746e+03
1.418579999999981300e+00 1.701012218543081644e+03
1.421135999999981081e+00 1.698031933510411818e+03
1.423691999999981084e+00 1.695060676872977865e+03
1.426247999999981086e+00 1.692098433671835664e+03
1.428803999999980867e+00 1.689145188428131178e+03
1.431359999999980870e+00 1.686200925158212158e+03
1.433915999999980873e+00 1.683265627388436769e+03
1.436471999999980875e+00 1.680339278169682075e+03
1.439027999999980656e+00 1.677421860091557619e+03
1.441583999999980659e+00 1.674513355296332747e+03
1.444139999999980661e+00 1.671613745492575845e+03
1.446695999999980442e+00 1.668723011968514811e+03
1.449251999999980445e+00 1.665841135605122645e+03
1.451807999999980447e+00 1.662968096888930631e+03
1.454363999999980450e+00 1.660103875924575505e+03
1.456919999999980231e+00 1.657248452447083309e+03
1.459475999999980234e+00 1.654401805833900198e+03
1.462031999999980236e+00 1.651563915116661065e+03
1.464587999999980239e+00 1.648734758992718071e+03
1.467143999999980020e+00 1.645914315836418155e+03
1.469699999999980022e+00 1.643102563710140885e+03
1.472255999999980025e+00 1.640299480375103713e+03
1.474811999999979806e+00 1.637505043301927117e+03
1.477367999999979808e+00 1.634719229680977605e+03
1.479923999999979811e+00 1.631942016432484252e+03
1.482479999999979814e+00 1.629173380216431951e+03
1.485035999999979595e+00 1.626413297442241401e+03
1.487591999999979597e+00 1.623661744278234664e+03
1.490147999999979600e+00 1.620918696660889282e+03
1.492703999999979381e+00 1.618184130303891607e+03
1.495259999999979383e+00 1.615458020706984371e+03
1.497815999999979386e+00 1.612740343164616888e+03
1.500371999999979389e+00 1.610031072774400855e+03
1.502927999999979169e+00 1.607330184445376972e+03
1.505483999999979172e+00 1.604637652906089215e+03
1.508039999999979175e+00 1.601953452712479248e+03
1.510595999999979178e+00 1.599277558255599160e+03
1.513151999999978958e+00 1.596609943769144365e+03
1.515707999999978961e+00 1.593950583336814361e+03
1.518263999999978964e+00 1.591299450899503654e+03
1.520819999999978744e+00 1.588656520262320328e+03
1.523375999999978747e+00 1.586021765101445908e+03
1.525931999999978750e+00 1.583395158970827652e+03
1.528487999999978975e+00 1.580776675308718268e+03
1.531043999999978755e+00 1.578166287444054888e+03
1.533599999999978758e+00 1.575563968602690238e+03
1.536155999999978761e+00 1.572969691913468750e+03
1.538711999999978541e+00 1.570383430414162149e+03
1.541267999999978544e+00 1.567805157057256110e+03
1.543823999999978547e+00 1.565234844715597092e+03
1.546379999999978549e+00 1.562672466187903638e+03
1.548935999999978330e+00 1.560117994204137858e+03
1.551491999999978333e+00 1.557571401430746619e+03
1.554047999999978336e+00 1.555032660475771308e+03
1.556603999999978338e+00 1.552501743893829371e+03
1.559159999999978119e+00 1.549978624190971232e+03
1.561715999999978122e+00 1.547463273829415357e+03
1.564271999999978124e+00 1.544955665232160754e+03
1.566827999999977905e+00 1.542455770787482379e+03
1.569383999999977908e+00 1.539963562853312396e+03
1.571939999999977911e+00 1.537479013761505712e+03
1.574495999999977913e+00 1.535002095821996363e+03
1.577051999999977694e+00 1.532532781326844997e+03
1.579607999999977697e+00 1.530071042554179030e+03
1.582163999999977699e+00 1.527616851772029122e+03
1.584719999999977702e+00 1.525170181242062654e+03
1.587275999999977483e+00 1.522731003223220341e+03
1.589831999999977485e+00 1.520299289975248712e+03
1.592387999999977488e+00 1.517875013762143453e+03
1.594943999999977269e+00 1.515458146855493851e+03
1.597499999999977272e+00 1.513048661537737644e+03
1.600055999999977274e+00 1.510646530105325155e+03
1.602611999999977277e+00 1.508251724871794750e+03
1.605167999999977058e+00 1.505864218170764161e+03
1.607723999999977060e+00 1.503483982358833600e+03
1.610279999999977063e+00 1.501110989818410417e+03
1.612835999999976844e+00 1.498745212960448725e+03
1.615391999999976846e+00 1.496386624227114226e+03
1.617947999999976849e+00 1.494035196094367166e+03
1.620503999999976852e+00 1.491690901074472777e+03
1.623059999999976633e+00 1.489353711718436443e+03
1.625615999999976635e+00 1.487023600618365208e+03
1.628171999999976638e+00 1.484700540409760833e+03
1.630727999999976641e+00 1.482384503773740562e+03
1.633283999999976421e+00 1.480075463439193754e+03
1.635839999999976424e+00 1.477773392184866680e+03
1.638395999999976427e+00 1.475478262841388187e+03
1.640951999999976207e+00 1.473190048293228301e+03
1.643507999999976210e+00 1.470908721480595887e+03
1.646063999999976213e+00 1.468634255401275368e+03
1.648619999999976216e+00 1.466366623112404113e+03
1.651175999999975996e+00 1.464105797732192741e+03
1.653731999999975999e+00 1.461851752441587678e+03
1.656287999999976002e+00 1.459604460485879144e+03
1.658843999999975782e+00 1.457363895176253664e+03
1.661399999999976007e+00 1.455130029891295408e+03
1.663955999999976010e+00 1.452902838078434797e+03
1.666511999999976013e+00 1.450682293255347759e+03
1.669067999999975793e+00 1.448468369011304276e+03
1.671623999999975796e+00 1.446261039008468515e+03
1.674179999999975799e+00 1.444060276983155063e+03
1.676735999999975801e+00 1.441866056747035145e+03
1.679291999999975582e+00 1.439678352188299868e+03
1.681847999999975585e+00 1.437497137272780719e+03
1.684403999999975587e+00 1.435322386045025269e+03
1.686959999999975368e+00 1.433154072629332632e+03
1.689515999999975371e+00 1.430992171230746408e+03
1.692071999999975374e+00 1.428836656136010788e+03
1.694627999999975376e+00 1.426687501714484597e+03
1.697183999999975157e+00 1.424544682419019637e+03
1.699739999999975160e+00 1.422408172786801060e+03
1.702295999999975162e+00 1.420277947440152047e+03
1.704851999999974943e+00 1.418153981087303009e+03
1.707407999999974946e+00 1.416036248523126460e+03
1.709963999999974948e+00 1.413924724629839602e+03
1.712519999999974951e+00 1.411819384377671213e+03
1.715075999999974732e+00 1.409720202825501019e+03
1.717631999999974735e+00 1.407627155121464739e+03
1.720187999999974737e+00 1.405540216503527972e+03
1.722743999999974740e+00 1.403459362300035309e+03
1.725299999999974521e+00 1.401384567930226694e+03
1.727855999999974523e+00 1.399315808904725372e+03
1.730411999999974526e+00 1.397253060826001956e+03
1.732967999999974307e+00 1.395196299388808939e+03
1.735523999999974309e+00 1.393145500380589965e+03
1.738079999999974312e+00 1.391100639681863640e+03
1.740635999999974315e+00 1.389061693266584598e+03
1.743191999999974096e+00 1.387028637202478194e+03
1.745747999999974098e+00 1.385001447651351782e+03
1.748303999999974101e+00 1.382980100869385751e+03
1.750859999999973882e+00 1.380964573207400235e+03
1.753415999999973884e+00 1.378954841111101587e+03
1.755971999999973887e+00 1.376950881121304747e+03
1.758527999999973890e+00 1.374952669874141975e+03
1.761083999999973670e+00 1.372960184101243158e+03
1.763639999999973673e+00 1.370973400629903608e+03
1.766195999999973676e+00 1.368992296383230041e+03
1.768751999999973679e+00 1.367016848380268357e+03
1.771307999999973459e+00 1.365047033736114145e+03
1.773863999999973462e+00 1.363082829662006361e+03
1.776419999999973465e+00 1.361124213465403045e+03
1.778975999999973245e+00 1.359171162550041572e+03
1.781531999999973248e+00 1.357223654415983219e+03
1.784087999999973251e+00 1.355281666659641360e+03
1.786643999999973476e+00 1.353345176973795333e+03
1.789199999999973256e+00 1.351414163147590443e+03
1.791755999999973259e+00 1.349488603066521364e+03
1.794311999999973262e+00 1.347568474712405987e+03
1.796867999999973042e+00 1.345653756163341313e+03
1.799423999999973045e+00 1.343744425593649794e+03
1.801979999999973048e+00 1.341840461273811343e+03
1.804535999999973050e+00 1.339941841570385350e+03
1.807091999999972831e+00 1.338048544945917229e+03
1.809647999999972834e+00 1.336160549958837464e+03
1.812203999999972837e+00 1.334277835263347015e+03
1.814759999999972839e+00 1.332400379609292258e+03
1.817315999999972620e+00 1.330528161842032205e+03
1.819871999999972623e+00 1.328661160902290021e+03
1.822427999999972625e+00 1.326799355826002511e+03
1.824983999999972406e+00 1.324942725744151858e+03
1.827539999999972409e+00 1.323091249882595093e+03
1.830095999999972411e+00 1.321244907561880382e+03
1.832651999999972414e+00 1.319403678197056934e+03
1.835207999999972195e+00 1.317567541297476055e+03
1.837763999999972198e+00 1.315736476466582872e+03
1.840319999999972200e+00 1.313910463401703737e+03
1.842875999999971981e+00 1.312089481893821812e+03
1.845431999999971984e+00 1.310273511827349239e+03
1.847987999999971986e+00 1.308462533179889306e+03
1.850543999999971989e+00 1.306656526021994523e+03
1.853099999999971770e+00 1.304855470516916739e+03
1.855655999999971772e+00 1.303059346920349753e+03
1.858211999999971775e+00 1.301268135580170565e+03
1.860767999999971778e+00 1.299481816936168570e+03
1.863323999999971559e+00 1.297700371519774308e+03
1.865879999999971561e+00 1.295923779953779558e+03
1.868435999999971564e+00 1.294152022952054267e+03
1.870991999999971345e+00 1.292385081319257779e+03
1.873547999999971347e+00 1.290622935950544615e+03
1.876103999999971350e+00 1.288865567831267526e+03
1.878659999999971353e+00 1.287112958036673490e+03
1.881215999999971134e+00 1.285365087731598578e+03
1.883771999999971136e+00 1.283621938170155545e+03
1.886327999999971139e+00 1.281883490695420051e+03
1.888883999999971142e+00 1.280149726739113021e+03
1.891439999999970922e+00 1.278420627821277321e+03
1.893995999999970925e+00 1.276696175549953296e+03
1.896551999999970928e+00 1.274976351620849755e+03
1.899107999999970708e+00 1.273261137817013605e+03
1.901663999999970711e+00 1.271550516008493787e+03
1.904219999999970714e+00 1.269844468152005447e+03
1.906775999999970717e+00 1.268142976290588649e+03
1.909331999999970497e+00 1.266446022553267085e+03
1.911887999999970500e+00 1.264753589154702013e+03
1.914443999999970503e+00 1.263065658394847560e+03
1.916999999999970283e+00 1.261382212658598746e+03
1.919555999999970508e+00 1.259703234415441784e+03
1.922111999999970511e+00 1.258028706219100513e+03
1.924667999999970514e+00 1.256358610707183061e+03
1.927223999999970294e+00 1.254692930600822820e+03
1.929779999999970297e+00 1.253031648704322379e+03
1.932335999999970300e+00 1.251374747904793139e+03
1.934891999999970302e+00 1.249722211171795379e+03
1.937447999999970083e+00 1.248074021556974913e+03
1.940003999999970086e+00 1.246430162193700880e+03
1.942559999999970088e+00 1.244790616296701046e+03
1.945115999999969869e+00 1.243155367161697086e+03
1.947671999999969872e+00 1.241524398165038292e+03
1.950227999999969875e+00 1.239897692763334362e+03
1.952783999999969877e+00 1.238275234493088192e+03
1.955339999999969658e+00 1.236657006970328894e+03
1.957895999999969661e+00 1.235042993890240041e+03
1.960451999999969663e+00 1.233433179026794051e+03
1.963007999999969444e+00 1.231827546232381110e+03
1.965563999999969447e+00 1.230226079437438102e+03
1.968119999999969449e+00 1.228628762650081626e+03
1.970675999999969452e+00 1.227035579955735102e+03
1.973231999999969233e+00 1.225446515516759064e+03
1.975787999999969236e+00 1.223861553572082585e+03
1.978343999999969238e+00 1.222280678436830385e+03
1.980899999999969241e+00 1.220703874501954033e+03
1.983455999999969022e+00 1.219131126233862005e+03
1.986011999999969024e+00 1.217562418174048844e+03
1.988567999999969027e+00 1.215997734938726808e+03
1.991123999999968808e+00 1.214437061218455938e+03
1.993679999999968810e+00 1.212880381777774119e+03
1.996235999999968813e+00 1.211327681454831236e+03
1.998791999999968816e+00 1.209778945161017646e+03
2.001347999999968597e+00 1.208234157880600151e+03
2.003903999999968821e+00 1.206693304670351836e+03
2.006459999999968602e+00 1.205156370659188042e+03
2.009015999999968383e+00 1.203623341047799158e+03
2.011571999999968607e+00 1.202094201108286825e+03
2.014127999999968388e+00 1.200568936183798087e+03
2.016683999999968613e+00 1.199047531688163190e+03
2.019239999999968393e+00 1.197529973105532235e+03
2.021795999999968174e+00 1.196016245990012749e+03
2.024351999999968399e+00 1.194506335965309290e+03
2.026907999999968180e+00 1.193000228724363524e+03
2.029463999999967960e+00 1.191497910028994283e+03
2.032019999999968185e+00 1.189999365709539234e+03
2.034575999999967966e+00 1.188504581664498573e+03
2.037131999999967746e+00 1.187013543860177606e+03
2.039687999999967971e+00 1.185526238330331807e+03
2.042243999999967752e+00 1.184042651175814171e+03
2.044799999999967977e+00 1.182562768564219368e+03
2.047355999999967757e+00 1.181086576729534727e+03
2.049911999999967538e+00 1.179614061971787123e+03
2.052467999999967763e+00 1.178145210656696236e+03
2.055023999999967543e+00 1.176680009215322798e+03
2.057579999999967324e+00 1.175218444143723673e+03
2.060135999999967549e+00 1.173760502002605335e+03
2.062691999999967329e+00 1.172306169416979856e+03
2.065247999999967110e+00 1.170855433075819974e+03
2.067803999999967335e+00 1.169408279731718039e+03
2.070359999999967116e+00 1.167964696200546314e+03
2.072915999999967340e+00 1.166524669361115457e+03
2.075471999999967121e+00 1.165088186154836649e+03
2.078027999999966902e+00 1.163655233585386668e+03
2.080583999999967126e+00 1.162225798718371152e+03
2.083139999999966907e+00 1.160799868680989675e+03
2.085695999999967132e+00 1.159377430661706057e+03
2.088251999999966912e+00 1.157958471909913442e+03
2.090807999999966693e+00 1.156542979735607105e+03
2.093363999999966918e+00 1.155130941509055674e+03
2.095919999999966699e+00 1.153722344660473709e+03
2.098475999999966479e+00 1.152317176679695649e+03
2.101031999999966704e+00 1.150915425115853850e+03
2.103587999999966485e+00 1.149517077577053669e+03
2.106143999999966265e+00 1.148122121730053550e+03
2.108699999999966490e+00 1.146730545299945788e+03
2.111255999999966271e+00 1.145342336069837302e+03
2.113811999999966496e+00 1.143957481880534033e+03
2.116367999999966276e+00 1.142575970630224901e+03
2.118923999999966057e+00 1.141197790274169165e+03
2.121479999999966282e+00 1.139822928824383325e+03
2.124035999999966062e+00 1.138451374349331672e+03
2.126591999999965843e+00 1.137083114973615920e+03
2.129147999999966068e+00 1.135718138877668252e+03
2.131703999999965848e+00 1.134356434297445503e+03
2.134259999999965629e+00 1.132997989524124478e+03
2.136815999999965854e+00 1.131642792903798863e+03
2.139371999999965634e+00 1.130290832837177277e+03
2.141927999999965859e+00 1.128942097779284495e+03
2.144483999999965640e+00 1.127596576239162459e+03
2.147039999999965421e+00 1.126254256779573097e+03
2.149595999999965645e+00 1.124915128016703648e+03
2.152151999999965426e+00 1.123579178619872209e+03
2.154707999999965207e+00 1.122246397311236478e+03
2.157263999999965431e+00 1.120916772865501571e+03
2.159819999999965212e+00 1.119590294109633078e+03
2.162375999999964993e+00 1.118266949922566482e+03
2.164931999999965218e+00 1.116946729234923623e+03
2.167487999999964998e+00 1.115629621028727570e+03
2.170043999999965223e+00 1.114315614337118632e+03
2.172599999999965004e+00 1.113004698244073552e+03
2.175155999999964784e+00 1.111696861884126065e+03
2.177711999999965009e+00 1.110392094442086773e+03
2.180267999999964790e+00 1.109090385152768476e+03
2.182823999999964570e+00 1.107791723300709691e+03
2.185379999999964795e+00 1.106496098219899523e+03
2.187935999999964576e+00 1.105203499293508457e+03
2.190491999999964357e+00 1.103913915953613696e+03
2.193047999999964581e+00 1.102627337680933579e+03
2.195603999999964362e+00 1.101343754004556331e+03
2.198159999999964143e+00 1.100063154501677218e+03
2.200715999999964367e+00 1.098785528797330699e+03
2.203271999999964148e+00 1.097510866564128719e+03
2.205827999999964373e+00 1.096239157521998550e+03
2.208383999999964153e+00 1.094970391437922899e+03
2.210939999999963934e+00 1.093704558125679569e+03
2.213495999999964159e+00 1.092441647445586568e+03
2.216051999999963940e+00 1.091181649304243592e+03
2.218607999999963720e+00 1.089924553654279634e+03
2.221163999999963945e+00 1.088670350494098784e+03
2.223719999999963726e+00 1.087419029867629661e+03
2.226275999999963506e+00 1.086170581864073938e+03
2.228831999999963731e+00 1.084924996617660099e+03
2.231387999999963512e+00 1.083682264307393552e+03
2.233943999999963737e+00 1.082442375156813341e+03
2.236499999999963517e+00 1.081205319433746126e+03
2.239055999999963298e+00 1.079971087450064260e+03
2.241611999999963967e+00 1.078739669561444543e+03
2.244167999999963747e+00 1.077511056167127208e+03
2.246723999999963528e+00 1.076285237709678540e+03
2.249279999999963753e+00 1.075062204674752365e+03
2.251835999999963533e+00 1.073841947590855170e+03
2.254391999999963314e+00 1.072624457029112591e+03
2.256947999999963539e+00 1.071409723603034308e+03
2.259503999999963320e+00 1.070197737968283491e+03
2.262059999999963544e+00 1.068988490822446693e+03
2.264615999999963325e+00 1.067781972904805116e+03
2.267171999999963106e+00 1.066578174996107009e+03
2.269727999999963330e+00 1.065377087918340067e+03
2.272283999999963111e+00 1.064178702534509284e+03
2.274839999999962892e+00 1.062983009748410950e+03
2.277395999999963117e+00 1.061790000504412319e+03
2.279951999999962897e+00 1.060599665787229696e+03
2.282507999999962678e+00 1.059411996621709704e+03
2.285063999999962903e+00 1.058226984072611003e+03
2.287619999999962683e+00 1.057044619244386240e+03
2.290175999999962464e+00 1.055864893280968545e+03
2.292731999999962689e+00 1.054687797365555753e+03
2.295287999999962469e+00 1.053513322720398264e+03
2.297843999999962694e+00 1.052341460606586224e+03
2.300399999999962475e+00 1.051172202323841475e+03
2.302955999999962255e+00 1.050005539210305642e+03
2.305511999999962480e+00 1.048841462642333681e+03
2.308067999999962261e+00 1.047679964034288105e+03
2.310623999999962042e+00 1.046521034838331389e+03
2.313179999999962266e+00 1.045364666544224065e+03
2.315735999999962047e+00 1.044210850679120995e+03
2.318291999999961828e+00 1.043059578807368780e+03
2.320847999999962052e+00 1.041910842530307718e+03
2.323403999999961833e+00 1.040764633486069670e+03
2.325959999999962058e+00 1.039620943349382514e+03
2.328515999999961839e+00 1.038479763831372111e+03
2.331071999999961619e+00 1.037341086679366981e+03
2.333627999999961844e+00 1.036204903676704134e+03
2.336183999999961625e+00 1.035071206642535572e+03
2.338739999999961405e+00 1.033939987431636155e+03
2.341295999999961630e+00 1.032811237934213068e+03
2.343851999999961411e+00 1.031684950075716188e+03
2.346407999999961191e+00 1.030561115816649362e+03
2.348963999999961416e+00 1.029439727152382147e+03
2.351519999999961197e+00 1.028320776112965859e+03
2.354075999999961422e+00 1.027204254762945538e+03
2.356631999999961202e+00 1.026090155201178277e+03
2.359187999999960983e+00 1.024978469560649046e+03
2.361743999999961208e+00 1.023869190008289593e+03
2.364299999999960988e+00 1.022762308744797451e+03
2.366855999999960769e+00 1.021657818004456772e+03
2.369411999999960994e+00 1.020555710054959150e+03
2.371967999999960774e+00 1.019455977197227298e+03
2.374523999999960555e+00 1.018358611765237924e+03
2.377079999999960780e+00 1.017263606125846991e+03
2.379635999999960561e+00 1.016170952678615436e+03
2.382191999999960341e+00 1.015080643855635913e+03
2.384747999999960566e+00 1.013992672121361238e+03
2.387303999999960347e+00 1.012907029972433065e+03
2.389859999999960571e+00 1.011823709937511921e+03
2.392415999999960352e+00 1.010742704577109066e+03
2.394971999999960133e+00 1.009664006483417666e+03
2.397527999999960358e+00 1.008587608280146469e+03
2.400083999999960138e+00 1.007513502622353826e+03
2.402639999999959919e+00 1.006441682196283296e+03
2.405195999999960144e+00 1.005372139719199595e+03
2.407751999999959924e+00 1.004304867939225346e+03
2.410307999999959705e+00 1.003239859635180210e+03
2.412863999999959930e+00 1.002177107616419335e+03
2.415419999999959710e+00 1.001116604722674197e+03
2.417975999999959935e+00 1.000058343823893097e+03
2.420531999999959716e+00 9.990023178200833627e+02
2.423087999999959496e+00 9.979485196411552579e+02
2.425643999999959721e+00 9.968969422467646382e+02
2.428199999999959502e+00 9.958475786261594749e+02
2.430755999999959283e+00 9.948004217980243311e+02
2.433311999999959507e+00 9.937554648103284762e+02
2.435867999999959288e+00 9.927127007401726360e+02
2.438423999999959069e+00 9.916721226936384710e+02
2.440979999999959293e+00 9.906337238056382830e+02
2.443535999999959074e+00 9.895974972397646070e+02
2.446091999999959299e+00 9.885634361881433279e+02
2.448647999999959080e+00 9.875315338712839548e+02
2.451203999999958860e+00 9.865017835379348980e+02
2.453759999999959085e+00 9.854741784649363581e+02
2.456315999999958866e+00 9.844487119570760569e+02
2.458871999999958646e+00 9.834253773469447424e+02
2.461427999999958871e+00 9.824041679947933972e+02
2.463983999999958652e+00 9.813850772883903346e+02
2.466539999999958432e+00 9.803680986428803408e+02
2.469095999999958657e+00 9.793532255006439300e+02
2.471651999999958438e+00 9.783404513311571691e+02
2.474207999999958663e+00 9.773297696308534341e+02
2.476763999999958443e+00 9.763211739229850537e+02
2.479319999999958224e+00 9.753146577574856337e+02
2.481875999999958449e+00 9.743102147108345434e+02
2.484431999999958229e+00 9.733078383859204905e+02
2.486987999999958010e+00 9.723075224119078257e+02
2.489543999999958235e+00 9.713092604441012554e+02
2.492099999999958015e+00 9.703130461638138513e+02
2.494655999999957796e+00 9.693188732782344914e+02
2.497211999999958465e+00 9.683267355202954150e+02
2.499767999999958246e+00 9.673366266485429605e+02
2.502323999999957582e+00 9.663485404470067124e+02
2.504879999999958251e+00 9.653624707250705796e+02
2.507435999999958032e+00 9.643784113173444439e+02
2.509991999999958256e+00 9.633963560835363751e+02
2.512547999999958037e+00 9.624162989083259845e+02
2.515103999999957818e+00 9.614382337012385733e+02
2.517659999999958043e+00 9.604621543965192814e+02
2.520215999999957823e+00 9.594880549530091685e+02
2.522771999999957604e+00 9.585159293540207273e+02
2.525327999999957829e+00 9.575457716072156700e+02
2.527883999999957609e+00 9.565775757444815781e+02
2.530439999999957390e+00 9.556113358218116218e+02
2.532995999999957615e+00 9.546470459191823466e+02
2.535551999999957395e+00 9.536847001404343018e+02
2.538107999999957620e+00 9.527242926131528975e+02
2.540663999999957401e+00 9.517658174885490325e+02
2.543219999999957182e+00 9.508092689413415428e+02
2.545775999999957406e+00 9.498546411696397627e+02
2.548331999999957187e+00 9.489019283948274506e+02
2.550887999999956968e+00 9.479511248614460328e+02
2.553443999999957192e+00 9.470022248370801208e+02
2.555999999999956973e+00 9.460552226122430284e+02
2.556000000000000050e+00 9.460552226122269985e+02
