0.000000000000000000e+00 nan
2.556000000000000112e-03 2.729446259904846319e-09
5.112000000000000224e-03 8.511257085975678944e-08
7.667999999999999469e-03 6.969336609571694350e-07
1.022400000000000045e-02 3.287045200462386916e-06
1.278000000000000143e-02 1.113707653967469243e-05
1.533600000000000067e-02 3.049829098995942501e-05
1.789200000000000165e-02 7.201275961831024369e-05
2.044800000000000090e-02 1.523987501755884105e-04
2.300400000000000014e-02 2.963992400956012570e-04
2.555999999999999939e-02 5.389888638945543190e-04
2.811599999999999863e-02 9.278330256221394793e-04
3.067199999999999441e-02 1.525992011279185805e-03
3.322800000000000059e-02 2.414862174407133959e-03
3.578399999999999637e-02 3.697345544510246673e-03
3.833999999999999908e-02 5.501238506905936805e-03
4.089600000000000180e-02 7.982829522410830186e-03
4.345200000000000451e-02 1.133069519695693514e-02
4.600800000000000722e-02 1.576968337623796054e-02
4.856400000000000994e-02 2.156507133028139067e-02
5.112000000000001265e-02 2.902688650884641813e-02
5.367600000000001537e-02 3.851437679211758974e-02
5.623200000000001808e-02 5.044061663359277609e-02
5.878800000000002079e-02 6.527723499458516765e-02
6.134400000000001657e-02 8.355925050354495731e-02
6.390000000000001235e-02 1.058899988395700098e-01
6.645600000000002894e-02 1.329461369390642078e-01
6.901200000000001777e-02 1.654827082585070275e-01
7.156800000000003437e-02 2.043382529956386529e-01
7.412400000000002320e-02 2.504399468768988002e-01
7.668000000000002592e-02 3.048087518614757130e-01
7.923600000000002863e-02 3.685645618925440514e-01
8.179200000000003135e-02 4.429313266448500208e-01
8.434800000000003406e-02 5.292421360753197801e-01
8.690400000000003677e-02 6.289442484803343669e-01
8.946000000000003949e-02 7.436040447001690534e-01
9.201600000000004220e-02 8.749118910881946709e-01
9.457200000000004492e-02 1.024686893880092153e+00
9.712800000000004763e-02 1.194881527656724396e+00
9.968400000000003647e-02 1.387586120693621528e+00
1.022400000000000531e-01 1.605033180130291948e+00
1.047960000000000419e-01 1.849601540073787520e+00
1.073520000000000585e-01 2.123820315973040440e+00
1.099080000000000473e-01 2.430372648863253549e+00
1.124640000000000639e-01 2.772099223382866295e+00
1.150200000000000528e-01 3.152001543808994111e+00
1.175760000000000693e-01 3.573244952740334934e+00
1.201320000000000582e-01 4.039161377478918347e+00
1.226880000000000748e-01 4.553251789623141477e+00
1.252440000000000497e-01 5.119188363883709236e+00
1.278000000000000524e-01 5.740816322670585059e+00
1.303560000000000552e-01 6.422155453572186090e+00
1.329120000000000579e-01 7.167401287456858228e+00
1.354680000000000606e-01 7.980925925570215185e+00
1.380240000000000633e-01 8.867278504679282136e+00
1.405800000000000660e-01 9.831185290024308188e+00
1.431360000000000965e-01 1.087754938658054726e+01
1.456920000000000714e-01 1.201145005990395731e+01
1.482480000000000742e-01 1.323814165863527137e+01
1.508040000000000769e-01 1.456305213156486822e+01
1.533600000000000796e-01 1.599178113301492843e+01
1.559160000000000823e-01 1.753009771117370974e+01
1.584720000000000850e-01 1.918393757491807960e+01
1.610280000000000877e-01 2.095939993558281600e+01
1.635840000000000904e-01 2.286274392107684506e+01
1.661400000000000932e-01 2.490038456070590556e+01
1.686960000000000959e-01 2.707888834003590617e+01
1.712520000000000986e-01 2.940496832611966127e+01
1.738080000000001013e-01 3.188547886441004664e+01
1.763640000000000763e-01 3.452740984969182847e+01
1.789200000000001067e-01 3.733788057438177077e+01
1.814760000000001094e-01 4.032413315856864244e+01
1.840320000000001122e-01 4.349352556718964991e+01
1.865880000000000871e-01 4.685352422076583423e+01
1.891440000000001176e-01 5.041169620714268262e+01
1.917000000000001203e-01 5.417570110270211359e+01
1.942560000000001230e-01 5.815328241252519348e+01
1.968120000000000980e-01 6.235225863998950047e+01
1.993680000000001007e-01 6.678051399727749526e+01
2.019240000000001312e-01 7.144598876925167019e+01
2.044800000000001339e-01 7.635666934411374029e+01
2.070360000000001366e-01 8.152057792520982105e+01
2.095920000000001115e-01 8.694576193926396002e+01
2.121480000000001420e-01 9.264028315722141826e+01
2.147040000000001447e-01 9.861220654475353342e+01
2.172600000000001474e-01 1.048695888603184869e+02
2.198160000000001224e-01 1.114204670194833682e+02
2.223720000000001529e-01 1.182728462449887701e+02
2.249280000000001556e-01 1.254346880227784595e+02
2.274840000000001583e-01 1.329138978849180148e+02
2.300400000000001333e-01 1.407183130409867147e+02
2.325960000000001360e-01 1.488556898801453769e+02
2.351520000000001664e-01 1.573336913666537953e+02
2.377080000000001692e-01 1.661598743521379333e+02
2.402640000000001441e-01 1.753416768283802583e+02
2.428200000000001468e-01 1.848864051448328496e+02
2.453760000000001773e-01 1.948012212154223732e+02
2.479320000000001800e-01 2.050931297395333957e+02
2.504880000000001550e-01 2.157689654623159186e+02
2.530440000000001577e-01 2.268353804996664564e+02
2.556000000000001604e-01 2.382988317533740599e+02
2.581560000000001631e-01 2.501655684420082650e+02
2.607120000000001658e-01 2.624416197731465559e+02
2.632680000000002241e-01 2.751327827825011809e+02
2.658240000000001713e-01 2.882446103654031049e+02
2.683800000000001740e-01 3.017823995259355456e+02
2.709360000000001767e-01 3.157511798687841065e+02
2.734920000000001794e-01 3.301557023585767183e+02
2.760480000000001821e-01 3.450004283711347171e+02
2.786040000000001848e-01 3.602895190606387246e+02
2.811600000000001875e-01 3.760268250662330729e+02
2.837160000000001903e-01 3.922158765810517025e+02
2.862720000000002485e-01 4.088598738060468918e+02
2.888280000000001957e-01 4.259616778103386991e+02
2.913840000000001984e-01 4.435238018190839853e+02
2.939400000000002011e-01 4.615484029490854709e+02
2.964960000000002038e-01 4.800372744115277328e+02
2.990520000000002065e-01 4.989918382003409647e+02
3.016080000000002093e-01 5.184131382837545061e+02
3.041640000000002120e-01 5.383018343156136325e+02
3.067200000000002147e-01 5.586581958819992906e+02
3.092760000000002174e-01 5.794820972976103803e+02
3.118320000000002201e-01 6.007730129652478581e+02
3.143880000000002228e-01 6.225300133105772602e+02
3.169440000000002255e-01 6.447517613031565133e+02
3.195000000000002283e-01 6.674365095734794977e+02
3.220560000000002310e-01 6.905820981345365226e+02
3.246120000000002337e-01 7.141859527151015072e+02
3.271680000000002364e-01 7.382450837106564450e+02
3.297240000000001836e-01 7.627560857565351853e+02
3.322800000000002418e-01 7.877151379265296782e+02
3.348360000000002445e-01 8.131180045588515668e+02
3.373920000000002473e-01 8.389600367099849336e+02
3.399480000000002500e-01 8.652361742355996057e+02
3.425040000000002527e-01 8.919409484963407522e+02
3.450600000000002554e-01 9.190684856849454718e+02
3.476160000000002581e-01 9.466125107697951080e+02
3.501720000000002608e-01 9.745663520486669995e+02
3.527280000000002080e-01 1.002922946305141522e+03
3.552840000000002663e-01 1.031674844558805944e+03
3.578400000000002690e-01 1.060814218399124002e+03
3.603960000000002717e-01 1.090332866891600361e+03
3.629520000000002744e-01 1.120222224043627875e+03
3.655080000000002771e-01 1.150473366816244607e+03
3.680640000000002798e-01 1.181077023666864079e+03
3.706200000000002825e-01 1.212023583606942111e+03
3.731760000000002298e-01 1.243303105757481035e+03
3.757320000000002880e-01 1.274905329384259176e+03
3.782880000000002907e-01 1.306819684393701209e+03
3.808440000000002934e-01 1.339035302269398926e+03
3.834000000000002961e-01 1.371541027428432244e+03
3.859560000000002988e-01 1.404325428975834939e+03
3.885120000000003015e-01 1.437376812834814700e+03
3.910680000000003043e-01 1.470683234229642721e+03
3.936240000000002515e-01 1.504232510497531848e+03
3.961800000000002542e-01 1.538012234205235700e+03
3.987360000000003124e-01 1.572009786545642783e+03
4.012920000000003151e-01 1.606212350989189645e+03
4.038480000000003178e-01 1.640606927164575609e+03
4.064040000000003205e-01 1.675180344942961256e+03
4.089600000000003233e-01 1.709919278699614097e+03
4.115160000000003260e-01 1.744810261726805265e+03
4.140720000000002732e-01 1.779839700771674870e+03
4.166280000000002759e-01 1.814993890672752514e+03
4.191840000000002786e-01 1.850259029068874270e+03
4.217400000000003368e-01 1.885621231154335192e+03
4.242960000000003395e-01 1.921066544454292625e+03
4.268520000000003423e-01 1.956580963594667764e+03
4.294080000000003450e-01 1.992150445041087323e+03
4.319640000000003477e-01 2.027760921781770321e+03
4.345200000000003504e-01 2.063398317929658333e+03
4.370760000000002976e-01 2.099048563219583230e+03
4.396320000000003003e-01 2.134697607376753695e+03
4.421880000000003030e-01 2.170331434333449124e+03
4.447440000000003613e-01 2.205936076271404545e+03
4.473000000000003640e-01 2.241497627468043447e+03
4.498560000000003667e-01 2.277002257925439608e+03
4.524120000000003694e-01 2.312436226761615217e+03
4.549680000000003721e-01 2.347785895344599794e+03
4.575240000000003193e-01 2.383037740150467471e+03
4.600800000000003220e-01 2.418178365327456049e+03
4.626360000000003248e-01 2.453194514949125733e+03
4.651920000000003275e-01 2.488073084940455828e+03
4.677480000000003857e-01 2.522801134661681772e+03
4.703040000000003884e-01 2.557365898135641601e+03
4.728600000000003911e-01 2.591754794905373274e+03
4.754160000000003938e-01 2.625955440509672826e+03
4.779720000000003410e-01 2.659955656565321533e+03
4.805280000000003437e-01 2.693743480445694331e+03
4.830840000000003465e-01 2.727307174546455371e+03
4.856400000000003492e-01 2.760635235130055207e+03
4.881960000000003519e-01 2.793716400741753205e+03
4.907520000000004101e-01 2.826539660190871473e+03
4.933080000000004128e-01 2.859094260091999331e+03
4.958640000000004155e-01 2.891369711961827761e+03
4.984200000000004183e-01 2.923355798868280999e+03
5.009760000000004210e-01 2.955042581629553297e+03
5.035320000000004237e-01 2.986420404561610212e+03
5.060880000000004264e-01 3.017479900773617828e+03
5.086440000000004291e-01 3.048211997011680523e+03
5.112000000000003208e-01 3.078607918052121477e+03
5.137560000000003235e-01 3.108659190646415482e+03
5.163120000000002152e-01 3.138357647020675813e+03
5.188680000000001069e-01 3.167695427933431802e+03
5.214240000000001096e-01 3.196664985296166833e+03
5.239800000000000013e-01 3.225259084361833629e+03
5.265360000000000040e-01 3.253470805487286270e+03
5.290920000000000067e-01 3.281293545476203235e+03
5.316480000000000095e-01 3.308721018509753321e+03
5.342039999999999011e-01 3.335747256672828826e+03
5.367599999999997928e-01 3.362366610084259264e+03
5.393159999999997956e-01 3.388573746639945057e+03
5.418719999999996872e-01 3.414363651378345821e+03
5.444279999999996900e-01 3.439731625478224942e+03
5.469839999999995817e-01 3.464673284898983638e+03
5.495399999999995844e-01 3.489184558674288837e+03
5.520959999999994761e-01 3.513261686870078847e+03
5.546519999999994788e-01 3.536901218218327358e+03
5.572079999999993705e-01 3.560100007438251851e+03
5.597639999999992622e-01 3.582855212256875348e+03
5.623199999999992649e-01 3.605164290141091897e+03
5.648759999999991566e-01 3.627024994753549436e+03
5.674319999999991593e-01 3.648435372144819667e+03
5.699879999999990510e-01 3.669393756694438707e+03
5.725439999999990537e-01 3.689898766813481416e+03
5.750999999999989454e-01 3.709949300421405042e+03
5.776559999999989481e-01 3.729544530209893310e+03
5.802119999999988398e-01 3.748683898706460241e+03
5.827679999999987315e-01 3.767367113150511614e+03
5.853239999999987342e-01 3.785594140194536067e+03
5.878799999999986259e-01 3.803365200442978676e+03
5.904359999999986286e-01 3.820680762841281194e+03
5.929919999999985203e-01 3.837541538927414877e+03
5.955479999999986340e-01 3.853948476958083120e+03
5.981039999999985257e-01 3.869902755921635162e+03
6.006599999999985284e-01 3.885405779449473357e+03
6.032159999999984201e-01 3.900459169637597370e+03
6.057719999999983118e-01 3.915064760789656248e+03
6.083279999999983145e-01 3.929224593092664691e+03
6.108839999999982062e-01 3.942940906236254705e+03
6.134399999999982089e-01 3.956216132986101456e+03
6.159959999999981006e-01 3.969052892721851094e+03
6.185519999999981033e-01 3.981453984949604546e+03
6.211079999999979950e-01 3.993422382798688886e+03
6.236639999999979977e-01 4.004961226512172743e+03
6.262199999999978894e-01 4.016073816940222059e+03
6.287759999999977811e-01 4.026763609045105568e+03
6.313319999999977838e-01 4.037034205426308745e+03
6.338879999999976755e-01 4.046889349873880292e+03
6.364439999999976783e-01 4.056332920957820988e+03
6.389999999999975699e-01 4.065368925660956393e+03
6.415559999999975727e-01 4.074001493062411555e+03
6.441119999999974644e-01 4.082234868078463478e+03
6.466679999999974671e-01 4.090073405267203270e+03
6.492239999999973588e-01 4.097521562703086602e+03
6.517799999999972504e-01 4.104583895927151389e+03
6.543359999999972532e-01 4.111265051978291012e+03
6.568919999999971449e-01 4.117569763510688063e+03
6.594479999999972586e-01 4.123502843002152076e+03
6.620039999999971503e-01 4.129069177057799607e+03
6.645599999999971530e-01 4.134273720813182990e+03
6.671159999999970447e-01 4.139121492440656766e+03
6.696719999999970474e-01 4.143617567762484214e+03
6.722279999999969391e-01 4.147767074973856325e+03
6.747839999999968308e-01 4.151575189478716311e+03
6.773399999999968335e-01 4.155047128840989899e+03
6.798959999999967252e-01 4.158188147853536975e+03
6.824519999999967279e-01 4.161003533726876412e+03
6.850079999999966196e-01 4.163498601399459403e+03
6.875639999999966223e-01 4.165678688971009251e+03
6.901199999999965140e-01 4.167549153260200910e+03
6.926759999999965167e-01 4.169115365487728013e+03
6.952319999999964084e-01 4.170382707085519542e+03
6.977879999999963001e-01 4.171356565632720049e+03
7.003439999999963028e-01 4.172042330918770858e+03
7.028999999999961945e-01 4.172445391133743215e+03
7.054559999999961972e-01 4.172571129185905193e+03
7.080119999999960889e-01 4.172424919146253160e+03
7.105679999999960916e-01 4.172012122819625802e+03
7.131239999999959833e-01 4.171338086441797714e+03
7.156799999999959860e-01 4.170408137501829515e+03
7.182359999999958777e-01 4.169227581688740429e+03
7.207919999999957694e-01 4.167801699961495615e+03
7.233479999999958832e-01 4.166135745741099527e+03
7.259039999999957748e-01 4.164234942223500184e+03
7.284599999999957776e-01 4.162104479811862802e+03
7.310159999999956693e-01 4.159749513666681196e+03
7.335719999999956720e-01 4.157175161372066214e+03
7.361279999999955637e-01 4.154386500716471346e+03
7.386839999999955664e-01 4.151388567586031968e+03
7.412399999999954581e-01 4.148186353968570984e+03
7.437959999999953498e-01 4.144784806066316378e+03
7.463519999999953525e-01 4.141188822515234278e+03
7.489079999999952442e-01 4.137403252708883883e+03
7.514639999999952469e-01 4.133432895224591448e+03
7.540199999999951386e-01 4.129282496349733265e+03
7.565759999999951413e-01 4.124956748705844802e+03
7.591319999999950330e-01 4.120460289968261350e+03
7.616879999999950357e-01 4.115797701678937301e+03
7.642439999999949274e-01 4.110973508150085763e+03
7.667999999999949301e-01 4.105992175456242876e+03
7.693559999999948218e-01 4.100858110512370331e+03
7.719119999999947135e-01 4.095575660235553642e+03
7.744679999999947162e-01 4.090149110787904647e+03
7.770239999999946079e-01 4.084582686898213069e+03
7.795799999999946106e-01 4.078880551259942422e+03
7.821359999999945023e-01 4.073046804003143734e+03
7.846919999999945050e-01 4.067085482237872384e+03
7.872479999999943967e-01 4.061000559666718345e+03
7.898039999999945104e-01 4.054795946264050144e+03
7.923599999999944021e-01 4.048475488019624663e+03
7.949159999999942938e-01 4.042042966744207206e+03
7.974719999999942965e-01 4.035502099934876242e+03
8.000279999999941882e-01 4.028856540697730907e+03
8.025839999999941909e-01 4.022109877725724800e+03
8.051399999999940826e-01 4.015265635329391898e+03
8.076959999999940853e-01 4.008327273518262700e+03
8.102519999999939770e-01 4.001298188130797371e+03
8.128079999999939798e-01 3.994181711010708568e+03
8.153639999999938714e-01 3.986981110227572117e+03
8.179199999999937631e-01 3.979699590339673705e+03
8.204759999999937659e-01 3.972340292697063887e+03
8.230319999999936575e-01 3.964906295782862344e+03
8.255879999999936603e-01 3.957400615590857342e+03
8.281439999999935520e-01 3.949826206037525935e+03
8.306999999999935547e-01 3.942185959406617258e+03
8.332559999999934464e-01 3.934482706824493562e+03
8.358119999999934491e-01 3.926719218764480047e+03
8.383679999999933408e-01 3.918898205578494526e+03
8.409239999999932325e-01 3.911022318054302559e+03
8.434799999999932352e-01 3.903094147996761421e+03
8.460359999999931269e-01 3.895116228831481749e+03
8.485919999999931296e-01 3.887091036229370729e+03
8.511479999999930213e-01 3.879020988750573906e+03
8.537039999999931350e-01 3.870908448506365858e+03
8.562599999999930267e-01 3.862755721837599594e+03
8.588159999999930294e-01 3.854565060008360433e+03
8.613719999999929211e-01 3.846338659913510583e+03
8.639279999999928128e-01 3.838078664798875707e+03
8.664839999999928155e-01 3.829787164992833823e+03
8.690399999999927072e-01 3.821466198648147838e+03
8.715959999999927099e-01 3.813117752492897580e+03
8.741519999999926016e-01 3.804743762589418566e+03
8.767079999999926043e-01 3.796346115100208408e+03
8.792639999999924960e-01 3.787926647059776315e+03
8.818199999999924987e-01 3.779487147151476620e+03
8.843759999999923904e-01 3.771029356488395479e+03
8.869319999999922821e-01 3.762554969397392597e+03
8.894879999999922848e-01 3.754065634205459446e+03
8.920439999999921765e-01 3.745562954027556771e+03
8.945999999999921792e-01 3.737048487555178326e+03
8.971559999999920709e-01 3.728523749844875056e+03
8.997119999999920736e-01 3.719990213106038482e+03
9.022679999999919653e-01 3.711449307487280294e+03
9.048239999999919680e-01 3.702902421860743289e+03
9.073799999999918597e-01 3.694350904603755680e+03
9.099359999999917514e-01 3.685796064377246239e+03
9.124919999999917541e-01 3.677239170900359113e+03
9.150479999999916458e-01 3.668681455720776739e+03
9.176039999999917596e-01 3.660124112980239715e+03
9.201599999999916513e-01 3.651568300174818432e+03
9.227159999999916540e-01 3.643015138909494908e+03
9.252719999999915457e-01 3.634465715646659191e+03
9.278279999999915484e-01 3.625921082448127891e+03
9.303839999999914401e-01 3.617382257710340127e+03
9.329399999999913318e-01 3.608850226892393948e+03
9.354959999999913345e-01 3.600325943236613057e+03
9.380519999999912262e-01 3.591810328481367378e+03
9.406079999999912289e-01 3.583304273565873245e+03
9.431639999999911206e-01 3.574808639326734465e+03
9.457199999999911233e-01 3.566324257186003251e+03
9.482759999999910150e-01 3.557851929830552308e+03
9.508319999999910177e-01 3.549392431882580240e+03
9.533879999999909094e-01 3.540946510561073410e+03
9.559439999999908011e-01 3.532514886334083258e+03
9.584999999999908038e-01 3.524098253561680849e+03
9.610559999999906955e-01 3.515697281129474050e+03
9.636119999999906982e-01 3.507312613072578642e+03
9.661679999999905899e-01 3.498944869189966539e+03
9.687239999999905926e-01 3.490594645649106042e+03
9.712799999999904843e-01 3.482262515580834588e+03
9.738359999999904870e-01 3.473949029664428053e+03
9.763919999999903787e-01 3.465654716702812038e+03
9.789479999999902704e-01 3.457380084187903776e+03
9.815039999999903841e-01 3.449125618856067831e+03
9.840599999999902758e-01 3.440891787233679224e+03
9.866159999999902785e-01 3.432679036172801716e+03
9.891719999999901702e-01 3.424487793377001253e+03
9.917279999999901730e-01 3.416318467917309590e+03
9.942839999999900646e-01 3.408171450738386284e+03
9.968399999999900674e-01 3.400047115154901348e+03
9.993959999999899591e-01 3.391945817338204506e+03
1.001951999999989740e+00 3.383867896793320142e+03
1.004507999999989742e+00 3.375813676826347546e+03
1.007063999999989745e+00 3.367783465002316461e+03
1.009619999999989748e+00 3.359777553593586617e+03
1.012175999999989529e+00 3.351796220018861732e+03
1.014731999999989753e+00 3.343839727272903019e+03
1.017287999999989534e+00 3.335908324347037251e+03
1.019843999999989537e+00 3.328002246640546218e+03
1.022399999999989539e+00 3.320121716363035375e+03
1.024955999999989542e+00 3.312266942927889431e+03
1.027511999999989545e+00 3.304438123336909030e+03
1.030067999999989325e+00 3.296635442556243561e+03
1.032623999999989328e+00 3.288859073883731980e+03
1.035179999999989331e+00 3.281109179307753493e+03
1.037735999999989334e+00 3.273385909857716342e+03
1.040291999999989336e+00 3.265689405946295210e+03
1.042847999999989117e+00 3.258019797703535914e+03
1.045403999999989120e+00 3.250377205302951552e+03
1.047959999999989122e+00 3.242761739279727863e+03
1.050515999999988903e+00 3.235173500841167879e+03
1.053071999999988906e+00 3.227612582169491361e+03
1.055627999999988909e+00 3.220079066717122259e+03
1.058183999999988911e+00 3.212573029494581988e+03
1.060739999999988692e+00 3.205094537351125837e+03
1.063295999999988695e+00 3.197643649248233942e+03
1.065851999999988697e+00 3.190220416526100507e+03
1.068407999999988700e+00 3.182824883163233153e+03
1.070963999999988481e+00 3.175457086029297443e+03
1.073519999999988483e+00 3.168117055131333473e+03
1.076075999999988486e+00 3.160804813853462747e+03
1.078631999999988267e+00 3.153520379190219501e+03
1.081187999999988270e+00 3.146263761973629698e+03
1.083743999999988272e+00 3.139034967094157309e+03
1.086299999999988275e+00 3.131833993715642464e+03
1.088855999999988056e+00 3.124660835484365634e+03
1.091411999999988058e+00 3.117515480732338801e+03
1.093967999999988061e+00 3.110397912674965937e+03
1.096523999999987842e+00 3.103308109603172852e+03
1.099079999999987844e+00 3.096246045070144191e+03
1.101635999999987847e+00 3.089211688072770357e+03
1.104191999999987850e+00 3.082205003227924408e+03
1.106747999999987631e+00 3.075225950943688531e+03
1.109303999999987633e+00 3.068274487585635143e+03
1.111859999999987636e+00 3.061350565638284479e+03
1.114415999999987639e+00 3.054454133861842365e+03
1.116971999999987419e+00 3.047585137444324118e+03
1.119527999999987422e+00 3.040743518149188731e+03
1.122083999999987425e+00 3.033929214458562456e+03
1.124639999999987205e+00 3.027142161712187317e+03
1.127195999999987208e+00 3.020382292242168660e+03
1.129751999999987211e+00 3.013649535503646803e+03
1.132307999999987214e+00 3.006943818201476006e+03
1.134863999999986994e+00 3.000265064413015807e+03
1.137419999999986997e+00 2.993613195707134309e+03
1.139975999999987222e+00 2.986988131259508009e+03
1.142531999999986780e+00 2.980389787964325023e+03
1.145087999999987005e+00 2.973818080542469488e+03
1.147643999999987008e+00 2.967272921646288978e+03
1.150199999999987011e+00 2.960754221961021813e+03
1.152755999999986791e+00 2.954261890302984739e+03
1.155311999999986794e+00 2.947795833714590117e+03
1.157867999999986797e+00 2.941355957556289923e+03
1.160423999999986799e+00 2.934942165595517963e+03
1.162979999999986580e+00 2.928554360092715342e+03
1.165535999999986583e+00 2.922192441884518303e+03
1.168091999999986585e+00 2.915856310464184389e+03
1.170647999999986366e+00 2.909545864059325595e+03
1.173203999999986369e+00 2.903260999707037627e+03
1.175759999999986372e+00 2.897001613326477582e+03
1.178315999999986374e+00 2.890767599788977350e+03
1.180871999999986155e+00 2.884558852985752310e+03
1.183427999999986158e+00 2.878375265893276719e+03
1.185983999999986160e+00 2.872216730636387638e+03
1.188539999999985941e+00 2.866083138549190608e+03
1.191095999999985944e+00 2.859974380233815282e+03
1.193651999999985946e+00 2.853890345617099229e+03
1.196207999999985949e+00 2.847830924005249017e+03
1.198763999999985730e+00 2.841796004136538613e+03
1.201319999999985733e+00 2.835785474232108299e+03
1.203875999999985735e+00 2.829799222044911858e+03
1.206431999999985738e+00 2.823837134906872507e+03
1.208987999999985519e+00 2.817899099774298520e+03
1.211543999999985521e+00 2.811985003271613550e+03
1.214099999999985524e+00 2.806094731733442586e+03
1.216655999999985305e+00 2.800228171245119484e+03
1.219211999999985307e+00 2.794385207681646989e+03
1.221767999999985310e+00 2.788565726745167922e+03
1.224323999999985313e+00 2.782769614000988440e+03
1.226879999999985094e+00 2.776996754912198412e+03
1.229435999999985096e+00 2.771247034872933909e+03
1.231991999999985099e+00 2.765520339240321391e+03
1.234547999999984880e+00 2.759816553365146319e+03
1.237103999999984882e+00 2.754135562621289409e+03
1.239659999999984885e+00 2.748477252433960530e+03
1.242215999999984888e+00 2.742841508306780270e+03
1.244771999999984669e+00 2.737228215847736919e+03
1.247327999999984671e+00 2.731637260794055237e+03
1.249883999999984674e+00 2.726068529036020664e+03
1.252439999999984677e+00 2.720521906639783538e+03
1.254995999999984457e+00 2.714997279869176054e+03
1.257551999999984460e+00 2.709494535206587898e+03
1.260107999999984463e+00 2.704013559372908730e+03
1.262663999999984243e+00 2.698554239346593022e+03
1.265219999999984246e+00 2.693116462381857218e+03
1.267775999999984249e+00 2.687700116026046089e+03
1.270331999999984474e+00 2.682305088136200538e+03
1.272887999999984254e+00 2.676931266894841428e+03
1.275443999999984257e+00 2.671578540825007167e+03
1.277999999999984260e+00 2.666246798804568698e+03
1.280555999999984262e+00 2.660935930079840091e+03
1.283111999999984043e+00 2.655645824278513828e+03
1.285667999999984046e+00 2.650376371421946260e+03
1.288223999999984049e+00 2.645127461936810960e+03
1.290779999999983829e+00 2.639898986666143628e+03
1.293335999999983832e+00 2.634690836879802646e+03
1.295891999999983835e+00 2.629502904284360739e+03
1.298447999999983837e+00 2.624335081032454582e+03
1.301003999999983618e+00 2.619187259731603717e+03
1.303559999999983621e+00 2.614059333452523333e+03
1.306115999999983623e+00 2.608951195736950922e+03
1.308671999999983404e+00 2.603862740604995906e+03
1.311227999999983407e+00 2.598793862562039067e+03
1.313783999999983410e+00 2.593744456605193136e+03
1.316339999999983412e+00 2.588714418229340481e+03
1.318895999999983193e+00 2.583703643432765602e+03
1.321451999999983196e+00 2.578712028722398372e+03
1.324007999999983198e+00 2.573739471118677557e+03
1.326563999999983201e+00 2.568785868160056452e+03
1.329119999999982982e+00 2.563851117907156549e+03
1.331675999999982984e+00 2.558935118946588318e+03
1.334231999999982987e+00 2.554037770394449126e+03
1.336787999999982768e+00 2.549158971899511926e+03
1.339343999999982771e+00 2.544298623646116084e+03
1.341899999999982773e+00 2.539456626356772631e+03
1.344455999999982776e+00 2.534632881294492563e+03
1.347011999999982557e+00 2.529827290264856856e+03
1.349567999999982559e+00 2.525039755617826359e+03
1.352123999999982562e+00 2.520270180249313853e+03
1.354679999999982343e+00 2.515518467602521469e+03
1.357235999999982345e+00 2.510784521669052992e+03
1.359791999999982348e+00 2.506068246989812906e+03
1.362347999999982351e+00 2.501369548655702602e+03
1.364903999999982132e+00 2.496688332308114241e+03
1.367459999999982134e+00 2.492024504139241344e+03
1.370015999999982137e+00 2.487377970892205212e+03
1.372571999999982140e+00 2.482748639861011270e+03
1.375127999999981920e+00 2.478136418890337154e+03
1.377683999999981923e+00 2.473541216375166186e+03
1.380239999999981926e+00 2.468962941260266689e+03
1.382795999999981706e+00 2.464401503039530326e+03
1.385351999999981709e+00 2.459856811755168110e+03
1.387907999999981712e+00 2.455328777996781355e+03
1.390463999999981715e+00 2.450817312900298475e+03
1.393019999999981495e+00 2.446322328146802192e+03
1.395575999999981498e+00 2.441843735961233051e+03
1.398131999999981501e+00 2.437381449110992435e+03
1.400687999999981281e+00 2.432935380904437352e+03
1.403243999999981506e+00 2.428505445189278362e+03
1.405799999999981509e+00 2.424091556350882911e+03
1.408355999999981512e+00 2.419693629310496362e+03
1.410911999999981292e+00 2.415311579523366618e+03
1.413467999999981295e+00 2.410945322976801435e+03
1.416023999999981298e+00 2.406594776188142987e+03
1.418579999999981300e+00 2.402259856202671926e+03
1.421135999999981081e+00 2.397940480591445976e+03
1.423691999999981084e+00 2.393636567449071208e+03
1.426247999999981086e+00 2.389348035391417852e+03
1.428803999999980867e+00 2.385074803553272432e+03
1.431359999999980870e+00 2.380816791585943520e+03
1.433915999999980873e+00 2.376573919654811561e+03
1.436471999999980875e+00 2.372346108436835493e+03
1.439027999999980656e+00 2.368133279118012069e+03
1.441583999999980659e+00 2.363935353390796536e+03
1.444139999999980661e+00 2.359752253451481465e+03
1.446695999999980442e+00 2.355583901997543308e+03
1.449251999999980445e+00 2.351430222224950739e+03
1.451807999999980447e+00 2.347291137825448004e+03
1.454363999999980450e+00 2.343166572983804599e+03
1.456919999999980231e+00 2.339056452375039498e+03
1.459475999999980234e+00 2.334960701161622637e+03
1.462031999999980236e+00 2.330879244990653660e+03
1.464587999999980239e+00 2.326812009991017476e+03
1.467143999999980020e+00 2.322758922770527988e+03
1.469699999999980022e+00 2.318719910413047728e+03
1.472255999999980025e+00 2.314694900475597024e+03
1.474811999999979806e+00 2.310683820985449529e+03
1.477367999999979808e+00 2.306686600437216384e+03
1.479923999999979811e+00 2.302703167789919917e+03
1.482479999999979814e+00 2.298733452464056882e+03
1.485035999999979595e+00 2.294777384338658521e+03
1.487591999999979597e+00 2.290834893748341528e+03
1.490147999999979600e+00 2.286905911480357190e+03
1.492703999999979381e+00 2.282990368771634621e+03
1.495259999999979383e+00 2.279088197305824451e+03
1.497815999999979386e+00 2.275199329210338419e+03
1.500371999999979389e+00 2.271323697053393516e+03
1.502927999999979169e+00 2.267461233841052945e+03
1.505483999999979172e+00 2.263611873014271168e+03
1.508039999999979175e+00 2.259775548445943514e+03
1.510595999999979178e+00 2.255952194437955313e+03
1.513151999999978958e+00 2.252141745718240145e+03
1.515707999999978961e+00 2.248344137437843983e+03
1.518263999999978964e+00 2.244559305167989351e+03
1.520819999999978744e+00 2.240787184897155385e+03
1.523375999999978747e+00 2.237027713028157905e+03
1.525931999999978750e+00 2.233280826375244033e+03
1.528487999999978975e+00 2.229546462161191357e+03
1.531043999999978755e+00 2.225824558014418926e+03
1.533599999999978758e+00 2.222115051966109149e+03
1.536155999999978761e+00 2.218417882447336979e+03
1.538711999999978541e+00 2.214732988286215004e+03
1.541267999999978544e+00 2.211060308705046737e+03
1.543823999999978547e+00 2.207399783317492165e+03
1.546379999999978549e+00 2.203751352125751964e+03
1.548935999999978330e+00 2.200114955517750786e+03
1.551491999999978333e+00 2.196490534264352391e+03
1.554047999999978336e+00 2.192878029516572497e+03
1.556603999999978338e+00 2.189277382802813463e+03
1.559159999999978119e+00 2.185688536026113525e+03
1.561715999999978122e+00 2.182111431461407847e+03
1.564271999999978124e+00 2.178546011752804134e+03
1.566827999999977905e+00 2.174992219910878703e+03
1.569383999999977908e+00 2.171449999309980285e+03
1.571939999999977911e+00 2.167919293685555658e+03
1.574495999999977913e+00 2.164400047131487099e+03
1.577051999999977694e+00 2.160892204097450303e+03
1.579607999999977697e+00 2.157395709386281851e+03
1.582163999999977699e+00 2.153910508151368504e+03
1.584719999999977702e+00 2.150436545894051960e+03
1.587275999999977483e+00 2.146973768461048167e+03
1.589831999999977485e+00 2.143522122041885268e+03
1.592387999999977488e+00 2.140081553166358390e+03
1.594943999999977269e+00 2.136652008701997602e+03
1.597499999999977272e+00 2.133233435851560444e+03
1.600055999999977274e+00 2.129825782150533541e+03
1.602611999999977277e+00 2.126428995464656055e+03
1.605167999999977058e+00 2.123043023987458128e+03
1.607723999999977060e+00 2.119667816237819352e+03
1.610279999999977063e+00 2.116303321057540415e+03
1.612835999999976844e+00 2.112949487608934305e+03
1.615391999999976846e+00 2.109606265372437974e+03
1.617947999999976849e+00 2.106273604144232650e+03
1.620503999999976852e+00 2.102951454033890968e+03
1.623059999999976633e+00 2.099639765462036394e+03
1.625615999999976635e+00 2.096338489158019911e+03
1.628171999999976638e+00 2.093047576157614003e+03
1.630727999999976641e+00 2.089766977800728910e+03
1.633283999999976421e+00 2.086496645729136617e+03
1.635839999999976424e+00 2.083236531884221677e+03
1.638395999999976427e+00 2.079986588504741576e+03
1.640951999999976207e+00 2.076746768124610753e+03
1.643507999999976210e+00 2.073517023570696892e+03
1.646063999999976213e+00 2.070297307960634043e+03
1.648619999999976216e+00 2.067087574700658024e+03
1.651175999999975996e+00 2.063887777483452737e+03
1.653731999999975999e+00 2.060697870286017860e+03
1.656287999999976002e+00 2.057517807367547448e+03
1.658843999999975782e+00 2.054347543267332640e+03
1.661399999999976007e+00 2.051187032802677095e+03
1.663955999999976010e+00 2.048036231066826531e+03
1.666511999999976013e+00 2.044895093426920312e+03
1.669067999999975793e+00 2.041763575521955090e+03
1.671623999999975796e+00 2.038641633260766639e+03
1.674179999999975799e+00 2.035529222820027371e+03
1.676735999999975801e+00 2.032426300642260230e+03
1.679291999999975582e+00 2.029332823433867588e+03
1.681847999999975585e+00 2.026248748163178107e+03
1.684403999999975587e+00 2.023174032058508374e+03
1.686959999999975368e+00 2.020108632606239780e+03
1.689515999999975371e+00 2.017052507548910853e+03
1.692071999999975374e+00 2.014005614883327326e+03
1.694627999999975376e+00 2.010967912858684940e+03
1.697183999999975157e+00 2.007939359974709305e+03
1.699739999999975160e+00 2.004919914979810528e+03
1.702295999999975162e+00 2.001909536869252861e+03
1.704851999999974943e+00 1.998908184883339572e+03
1.707407999999974946e+00 1.995915818505612833e+03
1.709963999999974948e+00 1.992932397461069058e+03
1.712519999999974951e+00 1.989957881714386076e+03
1.715075999999974732e+00 1.986992231468170075e+03
1.717631999999974735e+00 1.984035407161211651e+03
1.720187999999974737e+00 1.981087369466759810e+03
1.722743999999974740e+00 1.978148079290809846e+03
1.725299999999974521e+00 1.975217497770402815e+03
1.727855999999974523e+00 1.972295586271943648e+03
1.730411999999974526e+00 1.969382306389528139e+03
1.732967999999974307e+00 1.966477619943288346e+03
1.735523999999974309e+00 1.963581488977747995e+03
1.738079999999974312e+00 1.960693875760195397e+03
1.740635999999974315e+00 1.957814742779065682e+03
1.743191999999974096e+00 1.954944052742339636e+03
1.745747999999974098e+00 1.952081768575954811e+03
1.748303999999974101e+00 1.949227853422229600e+03
1.750859999999973882e+00 1.946382270638301179e+03
1.753415999999973884e+00 1.943544983794575501e+03
1.755971999999973887e+00 1.940715956673190249e+03
1.758527999999973890e+00 1.937895153266492571e+03
1.761083999999973670e+00 1.935082537775526589e+03
1.763639999999973673e+00 1.932278074608534553e+03
1.766195999999973676e+00 1.929481728379472088e+03
1.768751999999973679e+00 1.926693463906534134e+03
1.771307999999973459e+00 1.923913246210692250e+03
1.773863999999973462e+00 1.921141040514246470e+03
1.776419999999973465e+00 1.918376812239388073e+03
1.778975999999973245e+00 1.915620527006773273e+03
1.781531999999973248e+00 1.912872150634111676e+03
1.784087999999973251e+00 1.910131649134762483e+03
1.786643999999973476e+00 1.907398988716345912e+03
1.789199999999973256e+00 1.904674135779363951e+03
1.791755999999973259e+00 1.901957056915833618e+03
1.794311999999973262e+00 1.899247718907931130e+03
1.796867999999973042e+00 1.896546088726646985e+03
1.799423999999973045e+00 1.893852133530453557e+03
1.801979999999973048e+00 1.891165820663982458e+03
1.804535999999973050e+00 1.888487117656712371e+03
1.807091999999972831e+00 1.885815992221670058e+03
1.809647999999972834e+00 1.883152412254138426e+03
1.812203999999972837e+00 1.880496345830380506e+03
1.814759999999972839e+00 1.877847761206367522e+03
1.817315999999972620e+00 1.875206626816524022e+03
1.819871999999972623e+00 1.872572911272477086e+03
1.822427999999972625e+00 1.869946583361821922e+03
1.824983999999972406e+00 1.867327612046892682e+03
1.827539999999972409e+00 1.864715966463546010e+03
1.830095999999972411e+00 1.862111615919953238e+03
1.832651999999972414e+00 1.859514529895404849e+03
1.835207999999972195e+00 1.856924678039121318e+03
1.837763999999972198e+00 1.854342030169076452e+03
1.840319999999972200e+00 1.851766556270829142e+03
1.842875999999971981e+00 1.849198226496364668e+03
1.845431999999971984e+00 1.846637011162946919e+03
1.847987999999971986e+00 1.844082880751977200e+03
1.850543999999971989e+00 1.841535805907865324e+03
1.853099999999971770e+00 1.838995757436907525e+03
1.855655999999971772e+00 1.836462706306175505e+03
1.858211999999971775e+00 1.833936623642413451e+03
1.860767999999971778e+00 1.831417480730943225e+03
1.863323999999971559e+00 1.828905249014580704e+03
1.865879999999971561e+00 1.826399900092559164e+03
1.868435999999971564e+00 1.823901405719461081e+03
1.870991999999971345e+00 1.821409737804160841e+03
1.873547999999971347e+00 1.818924868408773136e+03
1.876103999999971350e+00 1.816446769747612052e+03
1.878659999999971353e+00 1.813975414186157195e+03
1.881215999999971134e+00 1.811510774240029377e+03
1.883771999999971136e+00 1.809052822573974254e+03
1.886327999999971139e+00 1.806601532000851648e+03
1.888883999999971142e+00 1.804156875480638746e+03
1.891439999999970922e+00 1.801718826119434198e+03
1.893995999999970925e+00 1.799287357168475864e+03
1.896551999999970928e+00 1.796862442023164022e+03
1.899107999999970708e+00 1.794444054222091836e+03
1.901663999999970711e+00 1.792032167446085623e+03
1.904219999999970714e+00 1.789626755517250558e+03
1.906775999999970717e+00 1.787227792398026168e+03
1.909331999999970497e+00 1.784835252190246820e+03
1.911887999999970500e+00 1.782449109134212904e+03
1.914443999999970503e+00 1.780069337607765647e+03
1.916999999999970283e+00 1.777695912125373525e+03
1.919555999999970508e+00 1.775328807337221406e+03
1.922111999999970511e+00 1.772967998028311058e+03
1.924667999999970514e+00 1.770613459117565299e+03
1.927223999999970294e+00 1.768265165656942600e+03
1.929779999999970297e+00 1.765923092830554879e+03
1.932335999999970300e+00 1.763587215953796431e+03
1.934891999999970302e+00 1.761257510472475815e+03
1.937447999999970083e+00 1.758933951961957973e+03
1.940003999999970086e+00 1.756616516126309989e+03
1.942559999999970088e+00 1.754305178797456165e+03
1.945115999999969869e+00 1.751999915934338105e+03
1.947671999999969872e+00 1.749700703622082528e+03
1.950227999999969875e+00 1.747407518071173627e+03
1.952783999999969877e+00 1.745120335616634975e+03
1.955339999999969658e+00 1.742839132717215307e+03
1.957895999999969661e+00 1.740563885954580883e+03
1.960451999999969663e+00 1.738294572032515816e+03
1.963007999999969444e+00 1.736031167776127404e+03
1.965563999999969447e+00 1.733773650131056456e+03
1.968119999999969449e+00 1.731521996162696723e+03
1.970675999999969452e+00 1.729276183055417960e+03
1.973231999999969233e+00 1.727036188111795127e+03
1.975787999999969236e+00 1.724801988751846238e+03
1.978343999999969238e+00 1.722573562512272474e+03
1.980899999999969241e+00 1.720350887045705122e+03
1.983455999999969022e+00 1.718133940119960243e+03
1.986011999999969024e+00 1.715922699617298576e+03
1.988567999999969027e+00 1.713717143533687704e+03
1.991123999999968808e+00 1.711517249978075142e+03
1.993679999999968810e+00 1.709322997171662564e+03
1.996235999999968813e+00 1.707134363447188889e+03
1.998791999999968816e+00 1.704951327248216558e+03
2.001347999999968597e+00 1.702773867128423944e+03
2.003903999999968821e+00 1.700601961750904138e+03
2.006459999999968602e+00 1.698435589887467358e+03
2.009015999999968383e+00 1.696274730417950423e+03
2.011571999999968607e+00 1.694119362329530077e+03
2.014127999999968388e+00 1.691969464716042012e+03
2.016683999999968613e+00 1.689825016777306473e+03
2.019239999999968393e+00 1.687685997818455462e+03
2.021795999999968174e+00 1.685552387249269032e+03
2.024351999999968399e+00 1.683424164583514084e+03
2.026907999999968180e+00 1.681301309438289309e+03
2.029463999999967960e+00 1.679183801533373753e+03
2.032019999999968185e+00 1.677071620690581994e+03
2.034575999999967966e+00 1.674964746833123854e+03
2.037131999999967746e+00 1.672863159984966387e+03
2.039687999999967971e+00 1.670766840270204511e+03
2.042243999999967752e+00 1.668675767912434821e+03
2.044799999999967977e+00 1.666589923234132584e+03
2.047355999999967757e+00 1.664509286656034647e+03
2.049911999999967538e+00 1.662433838696528255e+03
2.052467999999967763e+00 1.660363559971041923e+03
2.055023999999967543e+00 1.658298431191442432e+03
2.057579999999967324e+00 1.656238433165435936e+03
2.060135999999967549e+00 1.654183546795973825e+03
2.062691999999967329e+00 1.652133753080661563e+03
2.065247999999967110e+00 1.650089033111175240e+03
2.067803999999967335e+00 1.648049368072677453e+03
2.070359999999967116e+00 1.646014739243242957e+03
2.072915999999967340e+00 1.643985127993283868e+03
2.075471999999967121e+00 1.641960515784982590e+03
2.078027999999966902e+00 1.639940884171726339e+03
2.080583999999967126e+00 1.637926214797548255e+03
2.083139999999966907e+00 1.635916489396569887e+03
2.085695999999967132e+00 1.633911689792450261e+03
2.088251999999966912e+00 1.631911797897838369e+03
2.090807999999966693e+00 1.629916795713827923e+03
2.093363999999966918e+00 1.627926665329418029e+03
2.095919999999966699e+00 1.625941388920978170e+03
2.098475999999966479e+00 1.623960948751714795e+03
2.101031999999966704e+00 1.621985327171143126e+03
2.103587999999966485e+00 1.620014506614564652e+03
2.106143999999966265e+00 1.618048469602545083e+03
2.108699999999966490e+00 1.616087198740397071e+03
2.111255999999966271e+00 1.614130676717669303e+03
2.113811999999966496e+00 1.612178886307635821e+03
2.116367999999966276e+00 1.610231810366789659e+03
2.118923999999966057e+00 1.608289431834343986e+03
2.121479999999966282e+00 1.606351733731730292e+03
2.124035999999966062e+00 1.604418699162105668e+03
2.126591999999965843e+00 1.602490311309861909e+03
2.129147999999966068e+00 1.600566553440136659e+03
2.131703999999965848e+00 1.598647408898330696e+03
2.134259999999965629e+00 1.596732861109626356e+03
2.136815999999965854e+00 1.594822893578510502e+03
2.139371999999965634e+00 1.592917489888301816e+03
2.141927999999965859e+00 1.591016633700679222e+03
2.144483999999965640e+00 1.589120308755215092e+03
2.147039999999965421e+00 1.587228498868912538e+03
2.149595999999965645e+00 1.585341187935744074e+03
2.152151999999965426e+00 1.583458359926195271e+03
2.154707999999965207e+00 1.581579998886810245e+03
2.157263999999965431e+00 1.579706088939742131e+03
2.159819999999965212e+00 1.577836614282304481e+03
2.162375999999964993e+00 1.575971559186528111e+03
2.164931999999965218e+00 1.574110907998719085e+03
2.167487999999964998e+00 1.572254645139022387e+03
2.170043999999965223e+00 1.570402755100984223e+03
2.172599999999965004e+00 1.568555222451123882e+03
2.175155999999964784e+00 1.566712031828502404e+03
2.177711999999965009e+00 1.564873167944297165e+03
2.180267999999964790e+00 1.563038615581380100e+03
2.182823999999964570e+00 1.561208359593897967e+03
2.185379999999964795e+00 1.559382384906853986e+03
2.187935999999964576e+00 1.557560676515696287e+03
2.190491999999964357e+00 1.555743219485904319e+03
2.193047999999964581e+00 1.553929998952583446e+03
2.195603999999964362e+00 1.552121000120057943e+03
2.198159999999964143e+00 1.550316208261468091e+03
2.200715999999964367e+00 1.548515608718372960e+03
2.203271999999964148e+00 1.546719186900350451e+03
2.205827999999964373e+00 1.544926928284606220e+03
2.208383999999964153e+00 1.543138818415580317e+03
2.210939999999963934e+00 1.541354842904559291e+03
2.213495999999964159e+00 1.539574987429289422e+03
2.216051999999963940e+00 1.537799237733595646e+03
2.218607999999963720e+00 1.536027579626997522e+03
2.221163999999963945e+00 1.534259998984335198e+03
2.223719999999963726e+00 1.532496481745389929e+03
2.226275999999963506e+00 1.530737013914514591e+03
2.228831999999963731e+00 1.528981581560261930e+03
2.231387999999963512e+00 1.527230170815017118e+03
2.233943999999963737e+00 1.525482767874632600e+03
2.236499999999963517e+00 1.523739358998065200e+03
2.239055999999963298e+00 1.521999930507015733e+03
2.241611999999963967e+00 1.520264468785572944e+03
2.244167999999963747e+00 1.518532960279855843e+03
2.246723999999963528e+00 1.516805391497662413e+03
2.249279999999963753e+00 1.515081749008118550e+03
2.251835999999963533e+00 1.513362019441330631e+03
2.254391999999963314e+00 1.511646189488039226e+03
2.256947999999963539e+00 1.509934245899275311e+03
2.259503999999963320e+00 1.508226175486020793e+03
2.262059999999963544e+00 1.506521965118868593e+03
2.264615999999963325e+00 1.504821601727686129e+03
2.267171999999963106e+00 1.503125072301282444e+03
2.269727999999963330e+00 1.501432363887074871e+03
2.272283999999963111e+00 1.499743463590759802e+03
2.274839999999962892e+00 1.498058358575985949e+03
2.277395999999963117e+00 1.496377036064029198e+03
2.279951999999962897e+00 1.494699483333467924e+03
2.282507999999962678e+00 1.493025687719864209e+03
2.285063999999962903e+00 1.491355636615443473e+03
2.287619999999962683e+00 1.489689317468779564e+03
2.290175999999962464e+00 1.488026717784478933e+03
2.292731999999962689e+00 1.486367825122868908e+03
2.295287999999962469e+00 1.484712627099687325e+03
2.297843999999962694e+00 1.483061111385774211e+03
2.300399999999962475e+00 1.481413265706766424e+03
2.302955999999962255e+00 1.479769077842792285e+03
2.305511999999962480e+00 1.478128535628170539e+03
2.308067999999962261e+00 1.476491626951109993e+03
2.310623999999962042e+00 1.474858339753410974e+03
2.313179999999962266e+00 1.473228662030170426e+03
2.315735999999962047e+00 1.471602581829486780e+03
2.318291999999961828e+00 1.469980087252167550e+03
2.320847999999962052e+00 1.468361166451440113e+03
2.323403999999961833e+00 1.466745807632663173e+03
2.325959999999962058e+00 1.465133999053038906e+03
2.328515999999961839e+00 1.463525729021330335e+03
2.331071999999961619e+00 1.461920985897577793e+03
2.333627999999961844e+00 1.460319758092817665e+03
2.336183999999961625e+00 1.458722034068804305e+03
2.338739999999961405e+00 1.457127802337732192e+03
2.341295999999961630e+00 1.455537051461961028e+03
2.343851999999961411e+00 1.453949770053742213e+03
2.346407999999961191e+00 1.452365946774946678e+03
2.348963999999961416e+00 1.450785570336795217e+03
2.351519999999961197e+00 1.449208629499590643e+03
2.354075999999961422e+00 1.447635113072450395e+03
2.356631999999961202e+00 1.446065009913042786e+03
2.359187999999960983e+00 1.444498308927323023e+03
2.361743999999961208e+00 1.442934999069273545e+03
2.364299999999960988e+00 1.441375069340642085e+03
2.366855999999960769e+00 1.439818508790685883e+03
2.369411999999960994e+00 1.438265306515914290e+03
2.371967999999960774e+00 1.436715451659834116e+03
2.374523999999960555e+00 1.435168933412697470e+03
2.377079999999960780e+00 1.433625741011250057e+03
2.379635999999960561e+00 1.432085863738481066e+03
2.382191999999960341e+00 1.430549290923375793e+03
2.384747999999960566e+00 1.429016011940668477e+03
2.387303999999960347e+00 1.427486016210597882e+03
2.389859999999960571e+00 1.425959293198663318e+03
2.392415999999960352e+00 1.424435832415384084e+03
2.394971999999960133e+00 1.422915623416057770e+03
2.397527999999960358e+00 1.421398655800523102e+03
2.400083999999960138e+00 1.419884919212920977e+03
2.402639999999959919e+00 1.418374403341460493e+03
2.405195999999960144e+00 1.416867097918183845e+03
2.407751999999959924e+00 1.415362992718733494e+03
2.410307999999959705e+00 1.413862077562122067e+03
2.412863999999959930e+00 1.412364342310501797e+03
2.415419999999959710e+00 1.410869776868936242e+03
2.417975999999959935e+00 1.409378371185172909e+03
2.420531999999959716e+00 1.407890115249420433e+03
2.423087999999959496e+00 1.406404999094121649e+03
2.425643999999959721e+00 1.404923012793732596e+03
2.428199999999959502e+00 1.403444146464500591e+03
2.430755999999959283e+00 1.401968390264245727e+03
2.433311999999959507e+00 1.400495734392141458e+03
2.435867999999959288e+00 1.399026169088497454e+03
2.438423999999959069e+00 1.397559684634545874e+03
2.440979999999959293e+00 1.396096271352224448e+03
2.443535999999959074e+00 1.394635919603965249e+03
2.446091999999959299e+00 1.393178619792483232e+03
2.448647999999959080e+00 1.391724362360565010e+03
2.451203999999958860e+00 1.390273137790860119e+03
2.453759999999959085e+00 1.388824936605674793e+03
2.456315999999958866e+00 1.387379749366763690e+03
2.458871999999958646e+00 1.385937566675126163e+03
2.461427999999958871e+00 1.384498379170801627e+03
2.463983999999958652e+00 1.383062177532668102e+03
2.466539999999958432e+00 1.381628952478239398e+03
2.469095999999958657e+00 1.380198694763467756e+03
2.471651999999958438e+00 1.378771395182541710e+03
2.474207999999958663e+00 1.377347044567691455e+03
2.476763999999958443e+00 1.375925633788991036e+03
2.479319999999958224e+00 1.374507153754163710e+03
2.481875999999958449e+00 1.373091595408387775e+03
2.484431999999958229e+00 1.371678949734105117e+03
2.486987999999958010e+00 1.370269207750827491e+03
2.489543999999958235e+00 1.368862360514948705e+03
2.492099999999958015e+00 1.367458399119552951e+03
2.494655999999957796e+00 1.366057314694229717e+03
2.497211999999958465e+00 1.364659098404883935e+03
2.499767999999958246e+00 1.363263741453552939e+03
2.502323999999957582e+00 1.361871235078220479e+03
2.504879999999958251e+00 1.360481570552633229e+03
2.507435999999958032e+00 1.359094739186119341e+03
2.509991999999958256e+00 1.357710732323406546e+03
2.512547999999958037e+00 1.356329541344442760e+03
2.515103999999957818e+00 1.354951157664216453e+03
2.517659999999958043e+00 1.353575572732579303e+03
2.520215999999957823e+00 1.352202778034068615e+03
2.522771999999957604e+00 1.350832765087733378e+03
2.525327999999957829e+00 1.349465525446957145e+03
2.527883999999957609e+00 1.348101050699286588e+03
2.530439999999957390e+00 1.346739332466257792e+03
2.532995999999957615e+00 1.345380362403224808e+03
2.535551999999957395e+00 1.344024132199189808e+03
2.538107999999957620e+00 1.342670633576632781e+03
2.540663999999957401e+00 1.341319858291344872e+03
2.543219999999957182e+00 1.339971798132258300e+03
2.545775999999957406e+00 1.338626444921282200e+03
2.548331999999957187e+00 1.337283790513136410e+03
2.550887999999956968e+00 1.335943826795187306e+03
2.553443999999957192e+00 1.334606545687284324e+03
2.555999999999956973e+00 1.333271939141596931e+03
2.556000000000000050e+00 1.333271939141574421e+03
