0.000000000000000000e+00 nan
2.556000000000000112e-03 2.244008807850129961e-01
5.112000000000000224e-03 3.549231839844541603e-01
7.667999999999999469e-03 4.851497226670645757e-01
1.022400000000000045e-02 6.154317022222123290e-01
1.278000000000000143e-02 7.459187276221106444e-01
1.533600000000000067e-02 8.767090848736907027e-01
1.789200000000000165e-02 1.007883303351505333e+00
2.044800000000000090e-02 1.139514701398247176e+00
2.300400000000000014e-02 1.271673477843685784e+00
2.555999999999999939e-02 1.404428556340333367e+00
2.811599999999999863e-02 1.537848519573138395e+00
3.067199999999999441e-02 1.672002129964864192e+00
3.322800000000000059e-02 1.806958643954118537e+00
3.578399999999999637e-02 1.942788014271137120e+00
3.833999999999999908e-02 2.079561026441443694e+00
4.089600000000000180e-02 2.217349393494021381e+00
4.345200000000000451e-02 2.356225821913880303e+00
4.600800000000000722e-02 2.496264056220601990e+00
4.856400000000000994e-02 2.637538906501438962e+00
5.112000000000001265e-02 2.780126261524485720e+00
5.367600000000001537e-02 2.924103089083910145e+00
5.623200000000001808e-02 3.069547424664758495e+00
5.878800000000002079e-02 3.216538349187179513e+00
6.134400000000001657e-02 3.365155956403185655e+00
6.390000000000001235e-02 3.515481310418095529e+00
6.645600000000002894e-02 3.667596393760870654e+00
6.901200000000001777e-02 3.821584046412777269e+00
7.156800000000003437e-02 3.977527896209519298e+00
7.412400000000002320e-02 4.135512281050186978e+00
7.668000000000002592e-02 4.295622163371624502e+00
7.923600000000002863e-02 4.457943037375457607e+00
8.179200000000003135e-02 4.622560829524455350e+00
8.434800000000003406e-02 4.789561792853328726e+00
8.690400000000003677e-02 4.959032395665050608e+00
8.946000000000003949e-02 5.131059205206473628e+00
9.201600000000004220e-02 5.305728766935564167e+00
9.457200000000004492e-02 5.483127480006610988e+00
9.712800000000004763e-02 5.663341469608845102e+00
9.968400000000003647e-02 5.846456456797921142e+00
1.022400000000000531e-01 6.032557626458642019e+00
1.047960000000000419e-01 6.221729494031045249e+00
1.073520000000000585e-01 6.414055771620902568e+00
1.099080000000000473e-01 6.609619234099816332e+00
1.124640000000000639e-01 6.808501585779918486e+00
1.150200000000000528e-01 7.010783328223943123e+00
1.175760000000000693e-01 7.216543629723640052e+00
1.201320000000000582e-01 7.425860196948552705e+00
1.226880000000000748e-01 7.638809149233598994e+00
1.252440000000000497e-01 7.855464895938188974e+00
1.278000000000000524e-01 8.075900017272246600e+00
1.303560000000000552e-01 8.300185148946034985e+00
1.329120000000000579e-01 8.528388870961663315e+00
1.354680000000000606e-01 8.760577600824765554e+00
1.380240000000000633e-01 8.996815491416056076e+00
1.405800000000000660e-01 9.237164333724091847e+00
1.431360000000000965e-01 9.481683464603419154e+00
1.456920000000000714e-01 9.730429679686508848e+00
1.482480000000000742e-01 9.983457151543746022e+00
1.508040000000000769e-01 1.024081735315354713e+01
1.533600000000000796e-01 1.050255898671456123e+01
1.559160000000000823e-01 1.076872791780411198e+01
1.584720000000000850e-01 1.103936711486143629e+01
1.610280000000000877e-01 1.131451659395127685e+01
1.635840000000000904e-01 1.159421336874266117e+01
1.661400000000000932e-01 1.187849140561943528e+01
1.686960000000000959e-01 1.216738158382328727e+01
1.712520000000000986e-01 1.246091166051634325e+01
1.738080000000001013e-01 1.275910624063914156e+01
1.763640000000000763e-01 1.306198675143036958e+01
1.789200000000001067e-01 1.336957142146761157e+01
1.814760000000001094e-01 1.368187526408268972e+01
1.840320000000001122e-01 1.399891006500152102e+01
1.865880000000000871e-01 1.432068437405608030e+01
1.891440000000001176e-01 1.464720350081514866e+01
1.917000000000001203e-01 1.497846951398089743e+01
1.942560000000001230e-01 1.531448124439976333e+01
1.968120000000000980e-01 1.565523429153838109e+01
1.993680000000001007e-01 1.600072103327847017e+01
2.019240000000001312e-01 1.635093063888842835e+01
2.044800000000001339e-01 1.670584908503356658e+01
2.070360000000001366e-01 1.706545917469187401e+01
2.095920000000001115e-01 1.742974055884702267e+01
2.121480000000001420e-01 1.779866976083582131e+01
2.147040000000001447e-01 1.817222020323261944e+01
2.172600000000001474e-01 1.855036223715863031e+01
2.198160000000001224e-01 1.893306317390970861e+01
2.223720000000001529e-01 1.932028731880136263e+01
2.249280000000001556e-01 1.971199600713517697e+01
2.274840000000001583e-01 2.010814764219583495e+01
2.300400000000001333e-01 2.050869773519287875e+01
2.325960000000001360e-01 2.091359894706599576e+01
2.351520000000001664e-01 2.132280113207700367e+01
2.377080000000001692e-01 2.173625138311598093e+01
2.402640000000001441e-01 2.215389407865264815e+01
2.428200000000001468e-01 2.257567093126781899e+01
2.453760000000001773e-01 2.300152103770301437e+01
2.479320000000001800e-01 2.343138093036923308e+01
2.504880000000001550e-01 2.386518463025860370e+01
2.530440000000001577e-01 2.430286370120502326e+01
2.556000000000001604e-01 2.474434730544204797e+01
2.581560000000001631e-01 2.518956226040805646e+01
2.607120000000001658e-01 2.563843309675036863e+01
2.632680000000002241e-01 2.609088211748132125e+01
2.658240000000001713e-01 2.654682945824033169e+01
2.683800000000001740e-01 2.700619314861697262e+01
2.709360000000001767e-01 2.746888917449062006e+01
2.734920000000001794e-01 2.793483154134283453e+01
2.760480000000001821e-01 2.840393233849882293e+01
2.786040000000001848e-01 2.887610180425452100e+01
2.811600000000001875e-01 2.935124839184582868e+01
2.837160000000001903e-01 2.982927883621627529e+01
2.862720000000002485e-01 3.031009822153933797e+01
2.888280000000001957e-01 3.079361004945096170e+01
2.913840000000001984e-01 3.127971630794761637e+01
2.939400000000002011e-01 3.176831754090459015e+01
2.964960000000002038e-01 3.225931291816850432e+01
2.990520000000002065e-01 3.275260030617756968e+01
3.016080000000002093e-01 3.324807633906223003e+01
3.041640000000002120e-01 3.374563649017812850e+01
3.067200000000002147e-01 3.424517514402275253e+01
3.092760000000002174e-01 3.474658566848596308e+01
3.118320000000002201e-01 3.524976048738438550e+01
3.143880000000002228e-01 3.575459115322835402e+01
3.169440000000002255e-01 3.626096842016973909e+01
3.195000000000002283e-01 3.676878231707816269e+01
3.220560000000002310e-01 3.727792222069241035e+01
3.246120000000002337e-01 3.778827692879320921e+01
3.271680000000002364e-01 3.829973473334312928e+01
3.297240000000001836e-01 3.881218349353861896e+01
3.322800000000002418e-01 3.932551070871891596e+01
3.348360000000002445e-01 3.983960359107604887e+01
3.373920000000002473e-01 4.035434913810996704e+01
3.399480000000002500e-01 4.086963420477245990e+01
3.425040000000002527e-01 4.138534557524346269e+01
3.450600000000002554e-01 4.190137003428323226e+01
3.476160000000002581e-01 4.241759443810386188e+01
3.501720000000002608e-01 4.293390578470381058e+01
3.527280000000002080e-01 4.345019128360910088e+01
3.552840000000002663e-01 4.396633842496539302e+01
3.578400000000002690e-01 4.448223504792527194e+01
3.603960000000002717e-01 4.499776940827579352e+01
3.629520000000002744e-01 4.551283024525156407e+01
3.655080000000002771e-01 4.602730684747972134e+01
3.680640000000002798e-01 4.654108911800359749e+01
3.706200000000002825e-01 4.705406763833283890e+01
3.731760000000002298e-01 4.756613373146862500e+01
3.757320000000002880e-01 4.807717952385389992e+01
3.782880000000002907e-01 4.858709800619921282e+01
3.808440000000002934e-01 4.909578309313646827e+01
3.834000000000002961e-01 4.960312968165386138e+01
3.859560000000002988e-01 5.010903370826675740e+01
3.885120000000003015e-01 5.061339220488074631e+01
3.910680000000003043e-01 5.111610335330474442e+01
3.936240000000002515e-01 5.161706653837332937e+01
3.961800000000002542e-01 5.211618239963965493e+01
3.987360000000003124e-01 5.261335288160150014e+01
4.012920000000003151e-01 5.310848128242537314e+01
4.038480000000003178e-01 5.360147230113503980e+01
4.064040000000003205e-01 5.409223208323301435e+01
4.089600000000003233e-01 5.458066826472551725e+01
4.115160000000003260e-01 5.506669001452328871e+01
4.140720000000002732e-01 5.555020807519295545e+01
4.166280000000002759e-01 5.603113480203555952e+01
4.191840000000002786e-01 5.650938420047109645e+01
4.217400000000003368e-01 5.698487196171003433e+01
4.242960000000003395e-01 5.745751549669519420e+01
4.268520000000003423e-01 5.792723396829903493e+01
4.294080000000003450e-01 5.839394832176439820e+01
4.319640000000003477e-01 5.885758131337828303e+01
4.345200000000003504e-01 5.931805753737093312e+01
4.370760000000002976e-01 5.977530345103445342e+01
4.396320000000003003e-01 6.022924739805765881e+01
4.421880000000003030e-01 6.067981963007583346e+01
4.447440000000003613e-01 6.112695232643650201e+01
4.473000000000003640e-01 6.157057961218427522e+01
4.498560000000003667e-01 6.201063757427024115e+01
4.524120000000003694e-01 6.244706427599321330e+01
4.549680000000003721e-01 6.287979976968257745e+01
4.575240000000003193e-01 6.330878610763414116e+01
4.600800000000003220e-01 6.373396735131289148e+01
4.626360000000003248e-01 6.415528957883796579e+01
4.651920000000003275e-01 6.457270089076763497e+01
4.677480000000003857e-01 6.498615141420356167e+01
4.703040000000003884e-01 6.539559330523557890e+01
4.728600000000003911e-01 6.580098074975011002e+01
4.754160000000003938e-01 6.620226996262661601e+01
4.779720000000003410e-01 6.659941918534877914e+01
4.805280000000003437e-01 6.699238868205794972e+01
4.830840000000003465e-01 6.738114073407867011e+01
4.856400000000003492e-01 6.776563963294658777e+01
4.881960000000003519e-01 6.814585167197149929e+01
4.907520000000004101e-01 6.852174513636860809e+01
4.933080000000004128e-01 6.889329029199291199e+01
4.958640000000004155e-01 6.926045937271244668e+01
4.984200000000004183e-01 6.962322656645750385e+01
5.009760000000004210e-01 6.998156799998332644e+01
5.035320000000004237e-01 7.033546172238558825e+01
5.060880000000004264e-01 7.068488768740782291e+01
5.086440000000004291e-01 7.102982773458157340e+01
5.112000000000003208e-01 7.137026556924004694e+01
5.137560000000003235e-01 7.170618674144712656e+01
5.163120000000002152e-01 7.203757862388386002e+01
5.188680000000001069e-01 7.236443038873503042e+01
5.214240000000001096e-01 7.268673298361895263e+01
5.239800000000000013e-01 7.300447910660349748e+01
5.265360000000000040e-01 7.331766318035229801e+01
5.290920000000000067e-01 7.362628132544442394e+01
5.316480000000000095e-01 7.393033133291143599e+01
5.342039999999999011e-01 7.422981263603564628e+01
5.367599999999997928e-01 7.452472628145318367e+01
5.393159999999997956e-01 7.481507489960543467e+01
5.418719999999996872e-01 7.510086267458231646e+01
5.444279999999996900e-01 7.538209531340055491e+01
5.469839999999995817e-01 7.565878001475961412e+01
5.495399999999995844e-01 7.593092543731803801e+01
5.520959999999994761e-01 7.619854166753191294e+01
5.546519999999994788e-01 7.646164018709733057e+01
5.572079999999993705e-01 7.672023384003757940e+01
5.597639999999992622e-01 7.697433679947587848e+01
5.623199999999992649e-01 7.722396453413310269e+01
5.648759999999991566e-01 7.746913377459000571e+01
5.674319999999991593e-01 7.770986247935222480e+01
5.699879999999990510e-01 7.794616980075585388e+01
5.725439999999990537e-01 7.817807605075044819e+01
5.750999999999989454e-01 7.840560266659566935e+01
5.776559999999989481e-01 7.862877217650687101e+01
5.802119999999988398e-01 7.884760816528385874e+01
5.827679999999987315e-01 7.906213523995650405e+01
5.853239999999987342e-01 7.927237899547962741e+01
5.878799999999986259e-01 7.947836598050895418e+01
5.904359999999986286e-01 7.968012366328862583e+01
5.929919999999985203e-01 7.987768039768000961e+01
5.955479999999986340e-01 8.007106538936044160e+01
5.981039999999985257e-01 8.026030866221968552e+01
6.006599999999985284e-01 8.044544102498065286e+01
6.032159999999984201e-01 8.062649403806985049e+01
6.057719999999983118e-01 8.080349998076253826e+01
6.083279999999983145e-01 8.097649181862574608e+01
6.108839999999982062e-01 8.114550317128176005e+01
6.134399999999982089e-01 8.131056828051377749e+01
6.159959999999981006e-01 8.147172197873373989e+01
6.185519999999981033e-01 8.162899965783208245e+01
6.211079999999979950e-01 8.178243723842766144e+01
6.236639999999979977e-01 8.193207113953505427e+01
6.262199999999978894e-01 8.207793824866578802e+01
6.287759999999977811e-01 8.222007589237868785e+01
6.313319999999977838e-01 8.235852180729364136e+01
6.338879999999976755e-01 8.249331411158229344e+01
6.364439999999976783e-01 8.262449127694783613e+01
6.389999999999975699e-01 8.275209210110553215e+01
6.415559999999975727e-01 8.287615568077434602e+01
6.441119999999974644e-01 8.299672138518926090e+01
6.466679999999974671e-01 8.311382883014310607e+01
6.492239999999973588e-01 8.322751785256544110e+01
6.517799999999972504e-01 8.333782848564568724e+01
6.543359999999972532e-01 8.344480093450647473e+01
6.568919999999971449e-01 8.354847555243246404e+01
6.594479999999972586e-01 8.364889281765914575e+01
6.620039999999971503e-01 8.374609331072537088e+01
6.645599999999971530e-01 8.384011769239249645e+01
6.671159999999970447e-01 8.393100668213229198e+01
6.696719999999970474e-01 8.401880103718529824e+01
6.722279999999969391e-01 8.410354153219023488e+01
6.747839999999968308e-01 8.418526893938484079e+01
6.773399999999968335e-01 8.426402400937739401e+01
6.798959999999967252e-01 8.433984745248810100e+01
6.824519999999967279e-01 8.441277992065840863e+01
6.850079999999966196e-01 8.448286198992629181e+01
6.875639999999966223e-01 8.455013414346429101e+01
6.901199999999965140e-01 8.461463675517742900e+01
6.926759999999965167e-01 8.467641007385699936e+01
6.952319999999964084e-01 8.473549420788576469e+01
6.977879999999963001e-01 8.479192911049028680e+01
7.003439999999963028e-01 8.484575456553474737e+01
7.028999999999961945e-01 8.489701017385110049e+01
7.054559999999961972e-01 8.494573534009937532e+01
7.080119999999960889e-01 8.499196926015187614e+01
7.105679999999960916e-01 8.503575090899485645e+01
7.131239999999959833e-01 8.507711902914034852e+01
7.156799999999959860e-01 8.511611211954138412e+01
7.182359999999958777e-01 8.515276842500254872e+01
7.207919999999957694e-01 8.518712592607880651e+01
7.233479999999958832e-01 8.521922232945379960e+01
7.259039999999957748e-01 8.524909505879016081e+01
7.284599999999957776e-01 8.527678124604295817e+01
7.310159999999956693e-01 8.530231772322791528e+01
7.335719999999956720e-01 8.532574101463559657e+01
7.361279999999955637e-01 8.534708732948271859e+01
7.386839999999955664e-01 8.536639255499166268e+01
7.412399999999954581e-01 8.538369224988885264e+01
7.437959999999953498e-01 8.539902163831314397e+01
7.463519999999953525e-01 8.541241560412464651e+01
7.489079999999952442e-01 8.542390868560487149e+01
7.514639999999952469e-01 8.543353507053859630e+01
7.540199999999951386e-01 8.544132859166829519e+01
7.565759999999951413e-01 8.544732272251145844e+01
7.591319999999950330e-01 8.545155057353154859e+01
7.616879999999950357e-01 8.545404488865300152e+01
7.642439999999949274e-01 8.545483804211087886e+01
7.667999999999949301e-01 8.545396203562590642e+01
7.693559999999948218e-01 8.545144849589524938e+01
7.719119999999947135e-01 8.544732867239001450e+01
7.744679999999947162e-01 8.544163343544998668e+01
7.770239999999946079e-01 8.543439327466651889e+01
7.795799999999946106e-01 8.542563829754439553e+01
7.821359999999945023e-01 8.541539822843357399e+01
7.846919999999945050e-01 8.540370240772193711e+01
7.872479999999943967e-01 8.539057979128020293e+01
7.898039999999945104e-01 8.537605895015008173e+01
7.923599999999944021e-01 8.536016807046705424e+01
7.949159999999942938e-01 8.534293495360954296e+01
7.974719999999942965e-01 8.532438701656541014e+01
8.000279999999941882e-01 8.530455129250817947e+01
8.025839999999941909e-01 8.528345443157431305e+01
8.051399999999940826e-01 8.526112270183372743e+01
8.076959999999940853e-01 8.523758199044553407e+01
8.102519999999939770e-01 8.521285780499137275e+01
8.128079999999939798e-01 8.518697527497852207e+01
8.153639999999938714e-01 8.515995915350548273e+01
8.179199999999937631e-01 8.513183381908262959e+01
8.204759999999937659e-01 8.510262327760068501e+01
8.230319999999936575e-01 8.507235116444012135e+01
8.255879999999936603e-01 8.504104074671447222e+01
8.281439999999935520e-01 8.500871492564090204e+01
8.306999999999935547e-01 8.497539623903152517e+01
8.332559999999934464e-01 8.494110686389885245e+01
8.358119999999934491e-01 8.490586861916938233e+01
8.383679999999933408e-01 8.486970296849898432e+01
8.409239999999932325e-01 8.483263102318433369e+01
8.434799999999932352e-01 8.479467354516440025e+01
8.460359999999931269e-01 8.475585095010661973e+01
8.485919999999931296e-01 8.471618331057197793e+01
8.511479999999930213e-01 8.467569035925390608e+01
8.537039999999931350e-01 8.463439149228580050e+01
8.562599999999930267e-01 8.459230577261187989e+01
8.588159999999930294e-01 8.454945193341704623e+01
8.613719999999929211e-01 8.450584838161037737e+01
8.639279999999928128e-01 8.446151320135828655e+01
8.664839999999928155e-01 8.441646415766253142e+01
8.690399999999927072e-01 8.437071869997889451e+01
8.715959999999927099e-01 8.432429396587266979e+01
8.741519999999926016e-01 8.427720678470635107e+01
8.767079999999926043e-01 8.422947368135645263e+01
8.792639999999924960e-01 8.418111087995511355e+01
8.818199999999924987e-01 8.413213430765321732e+01
8.843759999999923904e-01 8.408255959840147398e+01
8.869319999999922821e-01 8.403240209674628147e+01
8.894879999999922848e-01 8.398167686163698420e+01
8.920439999999921765e-01 8.393039867024158696e+01
8.945999999999921792e-01 8.387858202176803957e+01
8.971559999999920709e-01 8.382624114128815052e+01
8.997119999999920736e-01 8.377338998356147215e+01
9.022679999999919653e-01 8.372004223685661373e+01
9.048239999999919680e-01 8.366621132676750960e+01
9.073799999999918597e-01 8.361191042002218410e+01
9.099359999999917514e-01 8.355715242828200928e+01
9.124919999999917541e-01 8.350195001192885513e+01
9.150479999999916458e-01 8.344631558383872516e+01
9.176039999999917596e-01 8.339026131313927692e+01
9.201599999999916513e-01 8.333379912894992003e+01
9.227159999999916540e-01 8.327694072410233161e+01
9.252719999999915457e-01 8.321969755884005338e+01
9.278279999999915484e-01 8.316208086449540815e+01
9.303839999999914401e-01 8.310410164714222958e+01
9.329399999999913318e-01 8.304577069122329647e+01
9.354959999999913345e-01 8.298709856315066702e+01
9.380519999999912262e-01 8.292809561487823089e+01
9.406079999999912289e-01 8.286877198744485895e+01
9.431639999999911206e-01 8.280913761448736921e+01
9.457199999999911233e-01 8.274920222572217199e+01
9.482759999999910150e-01 8.268897535039455704e+01
9.508319999999910177e-01 8.262846632069513930e+01
9.533879999999909094e-01 8.256768427514205655e+01
9.559439999999908011e-01 8.250663816192876254e+01
9.584999999999908038e-01 8.244533674223627884e+01
9.610559999999906955e-01 8.238378859350969208e+01
9.636119999999906982e-01 8.232200211269783097e+01
9.661679999999905899e-01 8.225998551945619397e+01
9.687239999999905926e-01 8.219774685931211877e+01
9.712799999999904843e-01 8.213529400679210823e+01
9.738359999999904870e-01 8.207263466851100020e+01
9.763919999999903787e-01 8.200977638622228483e+01
9.789479999999902704e-01 8.194672653982972577e+01
9.815039999999903841e-01 8.188349235035985885e+01
9.840599999999902758e-01 8.182008088289508407e+01
9.866159999999902785e-01 8.175649904946749302e+01
9.891719999999901702e-01 8.169275361191299112e+01
9.917279999999901730e-01 8.162885118468581425e+01
9.942839999999900646e-01 8.156479823763346815e+01
9.968399999999900674e-01 8.150060109873187741e+01
9.993959999999899591e-01 8.143626595678091462e+01
1.001951999999989740e+00 8.137179886406029539e+01
1.004507999999989742e+00 8.130720573894600989e+01
1.007063999999989745e+00 8.124249236848723399e+01
1.009619999999989748e+00 8.117766441094397578e+01
1.012175999999989529e+00 8.111272739828559963e+01
1.014731999999989753e+00 8.104768673865038409e+01
1.017287999999989534e+00 8.098254771876621305e+01
1.019843999999989537e+00 8.091731550633284087e+01
1.022399999999989539e+00 8.085199515236580226e+01
1.024955999999989542e+00 8.078659159350218033e+01
1.027511999999989545e+00 8.072110965426861640e+01
1.030067999999989325e+00 8.065555404931193095e+01
1.032623999999989328e+00 8.058992938559234176e+01
1.035179999999989331e+00 8.052424016453994682e+01
1.037735999999989334e+00 8.045849078417448652e+01
1.040291999999989336e+00 8.039268554118906707e+01
1.042847999999989117e+00 8.032682863299785936e+01
1.045403999999989120e+00 8.026092415974831340e+01
1.047959999999989122e+00 8.019497612629821504e+01
1.050515999999988903e+00 8.012898844415803978e+01
1.053071999999988906e+00 8.006296493339878850e+01
1.055627999999988909e+00 7.999690932452595860e+01
1.058183999999988911e+00 7.993082526031980706e+01
1.060739999999988692e+00 7.986471629764245961e+01
1.063295999999988695e+00 7.979858590921222117e+01
1.065851999999988697e+00 7.973243748534555664e+01
1.068407999999988700e+00 7.966627433566702621e+01
1.070963999999988481e+00 7.960009969078771519e+01
1.073519999999988483e+00 7.953391670395258473e+01
1.076075999999988486e+00 7.946772845265705598e+01
1.078631999999988267e+00 7.940153794023338207e+01
1.081187999999988270e+00 7.933534809740714877e+01
1.083743999999988272e+00 7.926916178382434452e+01
1.086299999999988275e+00 7.920298178954948298e+01
1.088855999999988056e+00 7.913681083653516168e+01
1.091411999999988058e+00 7.907065158006344063e+01
1.093967999999988061e+00 7.900450661015959497e+01
1.096523999999987842e+00 7.893837845297855438e+01
1.099079999999987844e+00 7.887226957216444134e+01
1.101635999999987847e+00 7.880618237018380512e+01
1.104191999999987850e+00 7.874011918963272194e+01
1.106747999999987631e+00 7.867408231451838674e+01
1.109303999999987633e+00 7.860807397151548059e+01
1.111859999999987636e+00 7.854209633119786815e+01
1.114415999999987639e+00 7.847615150924588079e+01
1.116971999999987419e+00 7.841024156762962605e+01
1.119527999999987422e+00 7.834436851576887761e+01
1.122083999999987425e+00 7.827853431166978737e+01
1.124639999999987205e+00 7.821274086303883166e+01
1.127195999999987208e+00 7.814699002837443231e+01
1.129751999999987211e+00 7.808128361803669293e+01
1.132307999999987214e+00 7.801562339529552048e+01
1.134863999999986994e+00 7.795001107735758694e+01
1.137419999999986997e+00 7.788444833637245779e+01
1.139975999999987222e+00 7.781893680041835637e+01
1.142531999999986780e+00 7.775347805446784832e+01
1.145087999999987005e+00 7.768807364133385818e+01
1.147643999999987008e+00 7.762272506259624549e+01
1.150199999999987011e+00 7.755743377950959427e+01
1.152755999999986791e+00 7.749220121389224403e+01
1.155311999999986794e+00 7.742702874899708831e+01
1.157867999999986797e+00 7.736191773036443919e+01
1.160423999999986799e+00 7.729686946665731284e+01
1.162979999999986580e+00 7.723188523047942056e+01
1.165535999999986583e+00 7.716696625917623464e+01
1.168091999999986585e+00 7.710211375561948444e+01
1.170647999999986366e+00 7.703732888897530984e+01
1.173203999999986369e+00 7.697261279545641344e+01
1.175759999999986372e+00 7.690796657905866596e+01
1.178315999999986374e+00 7.684339131228213660e+01
1.180871999999986155e+00 7.677888803683728725e+01
1.183427999999986158e+00 7.671445776433620267e+01
1.185983999999986160e+00 7.665010147696941090e+01
1.188539999999985941e+00 7.658582012816856377e+01
1.191095999999985944e+00 7.652161464325506302e+01
1.193651999999985946e+00 7.645748592007512912e+01
1.196207999999985949e+00 7.639343482962149778e+01
1.198763999999985730e+00 7.632946221664192876e+01
1.201319999999985733e+00 7.626556890023501012e+01
1.203875999999985735e+00 7.620175567443318698e+01
1.206431999999985738e+00 7.613802330877356894e+01
1.208987999999985519e+00 7.607437254885667244e+01
1.211543999999985521e+00 7.601080411689319760e+01
1.214099999999985524e+00 7.594731871223926589e+01
1.216655999999985305e+00 7.588391701192028904e+01
1.219211999999985307e+00 7.582059967114372512e+01
1.221767999999985310e+00 7.575736732380075011e+01
1.224323999999985313e+00 7.569422058295745614e+01
1.226879999999985094e+00 7.563116004133540571e+01
1.229435999999985096e+00 7.556818627178203940e+01
1.231991999999985099e+00 7.550529982773089444e+01
1.234547999999984880e+00 7.544250124365206034e+01
1.237103999999984882e+00 7.537979103549299964e+01
1.239659999999984885e+00 7.531716970110987575e+01
1.242215999999984888e+00 7.525463772068961532e+01
1.244771999999984669e+00 7.519219555716293257e+01
1.247327999999984671e+00 7.512984365660848596e+01
1.249883999999984674e+00 7.506758244864826679e+01
1.252439999999984677e+00 7.500541234683454661e+01
1.254995999999984457e+00 7.494333374902849698e+01
1.257551999999984460e+00 7.488134703777051016e+01
1.260107999999984463e+00 7.481945258064267534e+01
1.262663999999984243e+00 7.475765073062332533e+01
1.265219999999984246e+00 7.469594182643393765e+01
1.267775999999984249e+00 7.463432619287851821e+01
1.270331999999984474e+00 7.457280414117566636e+01
1.272887999999984254e+00 7.451137596928334972e+01
1.275443999999984257e+00 7.445004196221672998e+01
1.277999999999984260e+00 7.438880239235895431e+01
1.280555999999984262e+00 7.432765751976535284e+01
1.283111999999984043e+00 7.426660759246081511e+01
1.285667999999984046e+00 7.420565284673085671e+01
1.288223999999984049e+00 7.414479350740623431e+01
1.290779999999983829e+00 7.408402978814135054e+01
1.293335999999983832e+00 7.402336189168663338e+01
1.295891999999983835e+00 7.396279001015486187e+01
1.298447999999983837e+00 7.390231432528177891e+01
1.301003999999983618e+00 7.384193500868084925e+01
1.303559999999983621e+00 7.378165222209248952e+01
1.306115999999983623e+00 7.372146611762789803e+01
1.308671999999983404e+00 7.366137683800737079e+01
1.311227999999983407e+00 7.360138451679345906e+01
1.313783999999983410e+00 7.354148927861901086e+01
1.316339999999983412e+00 7.348169123941009673e+01
1.318895999999983193e+00 7.342199050660403259e+01
1.321451999999983196e+00 7.336238717936267051e+01
1.324007999999983198e+00 7.330288134878080086e+01
1.326563999999983201e+00 7.324347309809009232e+01
1.329119999999982982e+00 7.318416250285838487e+01
1.331675999999982984e+00 7.312494963118463431e+01
1.334231999999982987e+00 7.306583454388946564e+01
1.336787999999982768e+00 7.300681729470147729e+01
1.339343999999982771e+00 7.294789793043943860e+01
1.341899999999982773e+00 7.288907649119038012e+01
1.344455999999982776e+00 7.283035301048366250e+01
1.347011999999982557e+00 7.277172751546123664e+01
1.349567999999982559e+00 7.271320002704399599e+01
1.352123999999982562e+00 7.265477056009439139e+01
1.354679999999982343e+00 7.259643912357552153e+01
1.357235999999982345e+00 7.253820572070640083e+01
1.359791999999982348e+00 7.248007034911395863e+01
1.362347999999982351e+00 7.242203300098145746e+01
1.364903999999982132e+00 7.236409366319357162e+01
1.367459999999982134e+00 7.230625231747825410e+01
1.370015999999982137e+00 7.224850894054524986e+01
1.372571999999982140e+00 7.219086350422161047e+01
1.375127999999981920e+00 7.213331597558395458e+01
1.377683999999981923e+00 7.207586631708784353e+01
1.380239999999981926e+00 7.201851448669414424e+01
1.382795999999981706e+00 7.196126043799249317e+01
1.385351999999981709e+00 7.190410412032196064e+01
1.387907999999981712e+00 7.184704547888884463e+01
1.390463999999981715e+00 7.179008445488192081e+01
1.393019999999981495e+00 7.173322098558482196e+01
1.395575999999981498e+00 7.167645500448605844e+01
1.398131999999981501e+00 7.161978644138621064e+01
1.400687999999981281e+00 7.156321522250294720e+01
1.403243999999981506e+00 7.150674127057330054e+01
1.405799999999981509e+00 7.145036450495376812e+01
1.408355999999981512e+00 7.139408484171801206e+01
1.410911999999981292e+00 7.133790219375218555e+01
1.413467999999981295e+00 7.128181647084821293e+01
1.416023999999981298e+00 7.122582757979465384e+01
1.418579999999981300e+00 7.116993542446564902e+01
1.421135999999981081e+00 7.111413990590754963e+01
1.423691999999981084e+00 7.105844092242367083e+01
1.426247999999981086e+00 7.100283836965698470e+01
1.428803999999980867e+00 7.094733214067075266e+01
1.431359999999980870e+00 7.089192212602739573e+01
1.433915999999980873e+00 7.083660821386531836e+01
1.436471999999980875e+00 7.078139028997408388e+01
1.439027999999980656e+00 7.072626823786754358e+01
1.441583999999980659e+00 7.067124193885545935e+01
1.444139999999980661e+00 7.061631127211319381e+01
1.446695999999980442e+00 7.056147611474985126e+01
1.449251999999980445e+00 7.050673634187468508e+01
1.451807999999980447e+00 7.045209182666189918e+01
1.454363999999980450e+00 7.039754244041395737e+01
1.456919999999980231e+00 7.034308805262321584e+01
1.459475999999980234e+00 7.028872853103210616e+01
1.462031999999980236e+00 7.023446374169188289e+01
1.464587999999980239e+00 7.018029354901983652e+01
1.467143999999980020e+00 7.012621781585517056e+01
1.469699999999980022e+00 7.007223640351338645e+01
1.472255999999980025e+00 7.001834917183948903e+01
1.474811999999979806e+00 6.996455597925964298e+01
1.477367999999979808e+00 6.991085668283177768e+01
1.479923999999979811e+00 6.985725113829468569e+01
1.482479999999979814e+00 6.980373920011606970e+01
1.485035999999979595e+00 6.975032072153928198e+01
1.487591999999979597e+00 6.969699555462888441e+01
1.490147999999979600e+00 6.964376355031510002e+01
1.492703999999979381e+00 6.959062455843707085e+01
1.495259999999979383e+00 6.953757842778506415e+01
1.497815999999979386e+00 6.948462500614149917e+01
1.500371999999979389e+00 6.943176414032107857e+01
1.502927999999979169e+00 6.937899567620971197e+01
1.505483999999979172e+00 6.932631945880254420e+01
1.508039999999979175e+00 6.927373533224091773e+01
1.510595999999979178e+00 6.922124313984845401e+01
1.513151999999978958e+00 6.916884272416606905e+01
1.515707999999978961e+00 6.911653392698620735e+01
1.518263999999978964e+00 6.906431658938605267e+01
1.520819999999978744e+00 6.901219055175991457e+01
1.523375999999978747e+00 6.896015565385076229e+01
1.525931999999978750e+00 6.890821173478083495e+01
1.528487999999978975e+00 6.885635863308154114e+01
1.531043999999978755e+00 6.880459618672253441e+01
1.533599999999978758e+00 6.875292423313986490e+01
1.536155999999978761e+00 6.870134260926353420e+01
1.538711999999978541e+00 6.864985115154425444e+01
1.541267999999978544e+00 6.859844969597935460e+01
1.543823999999978547e+00 6.854713807813816118e+01
1.546379999999978549e+00 6.849591613318655448e+01
1.548935999999978330e+00 6.844478369591087130e+01
1.551491999999978333e+00 6.839374060074111128e+01
1.554047999999978336e+00 6.834278668177361737e+01
1.556603999999978338e+00 6.829192177279287534e+01
1.559159999999978119e+00 6.824114570729295792e+01
1.561715999999978122e+00 6.819045831849820161e+01
1.564271999999978124e+00 6.813985943938335765e+01
1.566827999999977905e+00 6.808934890269311779e+01
1.569383999999977908e+00 6.803892654096109993e+01
1.571939999999977911e+00 6.798859218652827963e+01
1.574495999999977913e+00 6.793834567156089577e+01
1.577051999999977694e+00 6.788818682806784466e+01
1.579607999999977697e+00 6.783811548791750567e+01
1.582163999999977699e+00 6.778813148285406953e+01
1.584719999999977702e+00 6.773823464451348286e+01
1.587275999999977483e+00 6.768842480443879595e+01
1.589831999999977485e+00 6.763870179409511252e+01
1.592387999999977488e+00 6.758906544488405643e+01
1.594943999999977269e+00 6.753951558815778355e+01
1.597499999999977272e+00 6.749005205523266682e+01
1.600055999999977274e+00 6.744067467740238442e+01
1.602611999999977277e+00 6.739138328595072380e+01
1.605167999999977058e+00 6.734217771216401616e+01
1.607723999999977060e+00 6.729305778734304511e+01
1.610279999999977063e+00 6.724402334281468541e+01
1.612835999999976844e+00 6.719507420994315794e+01
1.615391999999976846e+00 6.714621022014082996e+01
1.617947999999976849e+00 6.709743120487885903e+01
1.620503999999976852e+00 6.704873699569722589e+01
1.623059999999976633e+00 6.700012742421472467e+01
1.625615999999976635e+00 6.695160232213837048e+01
1.628171999999976638e+00 6.690316152127266491e+01
1.630727999999976641e+00 6.685480485352846358e+01
1.633283999999976421e+00 6.680653215093160213e+01
1.635839999999976424e+00 6.675834324563113853e+01
1.638395999999976427e+00 6.671023796990742483e+01
1.640951999999976207e+00 6.666221615617979523e+01
1.643507999999976210e+00 6.661427763701409788e+01
1.646063999999976213e+00 6.656642224512982864e+01
1.648619999999976216e+00 6.651864981340709448e+01
1.651175999999975996e+00 6.647096017489337783e+01
1.653731999999975999e+00 6.642335316280990298e+01
1.656287999999976002e+00 6.637582861055786054e+01
1.658843999999975782e+00 6.632838635172446118e+01
1.661399999999976007e+00 6.628102622008867684e+01
1.663955999999976010e+00 6.623374804962672613e+01
1.666511999999976013e+00 6.618655167451750287e+01
1.669067999999975793e+00 6.613943692914764938e+01
1.671623999999975796e+00 6.609240364811650181e+01
1.674179999999975799e+00 6.604545166624080821e+01
1.676735999999975801e+00 6.599858081855931857e+01
1.679291999999975582e+00 6.595179094033711920e+01
1.681847999999975585e+00 6.590508186706982485e+01
1.684403999999975587e+00 6.585845343448757205e+01
1.686959999999975368e+00 6.581190547855891282e+01
1.689515999999975371e+00 6.576543783549443845e+01
1.692071999999975374e+00 6.571905034175036064e+01
1.694627999999975376e+00 6.567274283403179425e+01
1.697183999999975157e+00 6.562651514929611096e+01
1.699739999999975160e+00 6.558036712475583840e+01
1.702295999999975162e+00 6.553429859788177225e+01
1.704851999999974943e+00 6.548830940640563369e+01
1.707407999999974946e+00 6.544239938832281211e+01
1.709963999999974948e+00 6.539656838189489463e+01
1.712519999999974951e+00 6.535081622565201087e+01
1.715075999999974732e+00 6.530514275839522043e+01
1.717631999999974735e+00 6.525954781919861603e+01
1.720187999999974737e+00 6.521403124741142676e+01
1.722743999999974740e+00 6.516859288265992234e+01
1.725299999999974521e+00 6.512323256484930312e+01
1.727855999999974523e+00 6.507795013416543384e+01
1.730411999999974526e+00 6.503274543107643524e+01
1.732967999999974307e+00 6.498761829633431830e+01
1.735523999999974309e+00 6.494256857097636271e+01
1.738079999999974312e+00 6.489759609632649529e+01
1.740635999999974315e+00 6.485270071399658320e+01
1.743191999999974096e+00 6.480788226588762768e+01
1.745747999999974098e+00 6.476314059419081559e+01
1.748303999999974101e+00 6.471847554138862790e+01
1.750859999999973882e+00 6.467388695025574918e+01
1.753415999999973884e+00 6.462937466385997709e+01
1.755971999999973887e+00 6.458493852556296133e+01
1.758527999999973890e+00 6.454057837902104211e+01
1.761083999999973670e+00 6.449629406818584698e+01
1.763639999999973673e+00 6.445208543730497297e+01
1.766195999999973676e+00 6.440795233092242711e+01
1.768751999999973679e+00 6.436389459387928014e+01
1.771307999999973459e+00 6.431991207131390809e+01
1.773863999999973462e+00 6.427600460866254650e+01
1.776419999999973465e+00 6.423217205165950361e+01
1.778975999999973245e+00 6.418841424633750137e+01
1.781531999999973248e+00 6.414473103902784601e+01
1.784087999999973251e+00 6.410112227636065541e+01
1.786643999999973476e+00 6.405758780526495855e+01
1.789199999999973256e+00 6.401412747296883765e+01
1.791755999999973259e+00 6.397074112699940684e+01
1.794311999999973262e+00 6.392742861518289033e+01
1.796867999999973042e+00 6.388418978564456552e+01
1.799423999999973045e+00 6.384102448680868491e+01
1.801979999999973048e+00 6.379793256739839080e+01
1.804535999999973050e+00 6.375491387643562291e+01
1.807091999999972831e+00 6.371196826324086260e+01
1.809647999999972834e+00 6.366909557743303338e+01
1.812203999999972837e+00 6.362629566892923805e+01
1.814759999999972839e+00 6.358356838794446020e+01
1.817315999999972620e+00 6.354091358499138664e+01
1.819871999999972623e+00 6.349833111088000948e+01
1.822427999999972625e+00 6.345582081671737029e+01
1.824983999999972406e+00 6.341338255390716228e+01
1.827539999999972409e+00 6.337101617414938204e+01
1.830095999999972411e+00 6.332872152943993171e+01
1.832651999999972414e+00 6.328649847207020684e+01
1.835207999999972195e+00 6.324434685462669137e+01
1.837763999999972198e+00 6.320226652999046735e+01
1.840319999999972200e+00 6.316025735133676733e+01
1.842875999999971981e+00 6.311831917213455512e+01
1.845431999999971984e+00 6.307645184614591471e+01
1.847987999999971986e+00 6.303465522742568083e+01
1.850543999999971989e+00 6.299292917032081363e+01
1.853099999999971770e+00 6.295127352946992261e+01
1.855655999999971772e+00 6.290968815980271955e+01
1.858211999999971775e+00 6.286817291653946427e+01
1.860767999999971778e+00 6.282672765519038904e+01
1.863323999999971559e+00 6.278535223155517286e+01
1.865879999999971561e+00 6.274404650172233033e+01
1.868435999999971564e+00 6.270281032206862193e+01
1.870991999999971345e+00 6.266164354925850688e+01
1.873547999999971347e+00 6.262054604024350368e+01
1.876103999999971350e+00 6.257951765226162166e+01
1.878659999999971353e+00 6.253855824283673570e+01
1.881215999999971134e+00 6.249766766977800359e+01
1.883771999999971136e+00 6.245684579117922652e+01
1.886327999999971139e+00 6.241609246541823097e+01
1.888883999999971142e+00 6.237540755115630020e+01
1.891439999999970922e+00 6.233479090733750638e+01
1.893995999999970925e+00 6.229424239318809953e+01
1.896551999999970928e+00 6.225376186821591773e+01
1.899107999999970708e+00 6.221334919220971926e+01
1.901663999999970711e+00 6.217300422523860703e+01
1.904219999999970714e+00 6.213272682765136778e+01
1.906775999999970717e+00 6.209251686007589655e+01
1.909331999999970497e+00 6.205237418341853584e+01
1.911887999999970500e+00 6.201229865886349302e+01
1.914443999999970503e+00 6.197229014787219370e+01
1.916999999999970283e+00 6.193234851218270620e+01
1.919555999999970508e+00 6.189247361380910917e+01
1.922111999999970511e+00 6.185266531504087339e+01
1.924667999999970514e+00 6.181292347844231472e+01
1.927223999999970294e+00 6.177324796685190478e+01
1.929779999999970297e+00 6.173363864338176654e+01
1.932335999999970300e+00 6.169409537141702771e+01
1.934891999999970302e+00 6.165461801461524516e+01
1.937447999999970083e+00 6.161520643690583654e+01
1.940003999999970086e+00 6.157586050248948339e+01
1.942559999999970088e+00 6.153658007583756984e+01
1.945115999999969869e+00 6.149736502169162122e+01
1.947671999999969872e+00 6.145821520506272861e+01
1.950227999999969875e+00 6.141913049123099455e+01
1.952783999999969877e+00 6.138011074574499304e+01
1.955339999999969658e+00 6.134115583442122244e+01
1.957895999999969661e+00 6.130226562334355123e+01
1.960451999999969663e+00 6.126343997886269932e+01
1.963007999999969444e+00 6.122467876759574779e+01
1.965563999999969447e+00 6.118598185642552778e+01
1.968119999999969449e+00 6.114734911250020843e+01
1.970675999999969452e+00 6.110878040323272842e+01
1.973231999999969233e+00 6.107027559630029856e+01
1.975787999999969236e+00 6.103183455964398263e+01
1.978343999999969238e+00 6.099345716146812180e+01
1.980899999999969241e+00 6.095514327023988699e+01
1.983455999999969022e+00 6.091689275468883125e+01
1.986011999999969024e+00 6.087870548380640656e+01
1.988567999999969027e+00 6.084058132684551623e+01
1.991123999999968808e+00 6.080252015332006721e+01
1.993679999999968810e+00 6.076452183300451537e+01
1.996235999999968813e+00 6.072658623593345339e+01
1.998791999999968816e+00 6.068871323240117022e+01
2.001347999999968597e+00 6.065090269296125314e+01
2.003903999999968821e+00 6.061315448842614018e+01
2.006459999999968602e+00 6.057546848986676480e+01
2.009015999999968383e+00 6.053784456861212249e+01
2.011571999999968607e+00 6.050028259624890126e+01
2.014127999999968388e+00 6.046278244462109086e+01
2.016683999999968613e+00 6.042534398582966304e+01
2.019239999999968393e+00 6.038796709223210257e+01
2.021795999999968174e+00 6.035065163644215858e+01
2.024351999999968399e+00 6.031339749132944661e+01
2.026907999999968180e+00 6.027620453001909340e+01
2.029463999999967960e+00 6.023907262589144551e+01
2.032019999999968185e+00 6.020200165258171410e+01
2.034575999999967966e+00 6.016499148397967645e+01
2.037131999999967746e+00 6.012804199422934204e+01
2.039687999999967971e+00 6.009115305772866833e+01
2.042243999999967752e+00 6.005432454912926943e+01
2.044799999999967977e+00 6.001755634333613187e+01
2.047355999999967757e+00 5.998084831550730200e+01
2.049911999999967538e+00 5.994420034105367279e+01
2.052467999999967763e+00 5.990761229563866408e+01
2.055023999999967543e+00 5.987108405517800236e+01
2.057579999999967324e+00 5.983461549583944361e+01
2.060135999999967549e+00 5.979820649404256017e+01
2.062691999999967329e+00 5.976185692645849912e+01
2.065247999999967110e+00 5.972556667000973363e+01
2.067803999999967335e+00 5.968933560186986398e+01
2.070359999999967116e+00 5.965316359946341862e+01
2.072915999999967340e+00 5.961705054046560548e+01
2.075471999999967121e+00 5.958099630280216985e+01
2.078027999999966902e+00 5.954500076464913150e+01
2.080583999999967126e+00 5.950906380443269938e+01
2.083139999999966907e+00 5.947318530082898747e+01
2.085695999999967132e+00 5.943736513276392941e+01
2.088251999999966912e+00 5.940160317941307255e+01
2.090807999999966693e+00 5.936589932020142157e+01
2.093363999999966918e+00 5.933025343480331770e+01
2.095919999999966699e+00 5.929466540314227530e+01
2.098475999999966479e+00 5.925913510539083262e+01
2.101031999999966704e+00 5.922366242197045239e+01
2.103587999999966485e+00 5.918824723355138673e+01
2.106143999999966265e+00 5.915288942105254222e+01
2.108699999999966490e+00 5.911758886564140880e+01
2.111255999999966271e+00 5.908234544873392480e+01
2.113811999999966496e+00 5.904715905199439163e+01
2.116367999999966276e+00 5.901202955733536015e+01
2.118923999999966057e+00 5.897695684691760221e+01
2.121479999999966282e+00 5.894194080314996853e+01
2.124035999999966062e+00 5.890698130868935323e+01
2.126591999999965843e+00 5.887207824644061560e+01
2.129147999999966068e+00 5.883723149955652332e+01
2.131703999999965848e+00 5.880244095143768845e+01
2.134259999999965629e+00 5.876770648573252487e+01
2.136815999999965854e+00 5.873302798633721977e+01
2.139371999999965634e+00 5.869840533739566268e+01
2.141927999999965859e+00 5.866383842329944542e+01
2.144483999999965640e+00 5.862932712868781948e+01
2.147039999999965421e+00 5.859487133844766760e+01
2.149595999999965645e+00 5.856047093771351797e+01
2.152151999999965426e+00 5.852612581186748741e+01
2.154707999999965207e+00 5.849183584653933110e+01
2.157263999999965431e+00 5.845760092760639992e+01
2.159819999999965212e+00 5.842342094119368312e+01
2.162375999999964993e+00 5.838929577367375146e+01
2.164931999999965218e+00 5.835522531166686377e+01
2.167487999999964998e+00 5.832120944204093860e+01
2.170043999999965223e+00 5.828724805191156122e+01
2.172599999999965004e+00 5.825334102864205477e+01
2.175155999999964784e+00 5.821948825984350862e+01
2.177711999999965009e+00 5.818568963337479261e+01
2.180267999999964790e+00 5.815194503734261389e+01
2.182823999999964570e+00 5.811825436010160928e+01
2.185379999999964795e+00 5.808461749025431686e+01
2.187935999999964576e+00 5.805103431665131097e+01
2.190491999999964357e+00 5.801750472839122352e+01
2.193047999999964581e+00 5.798402861482082926e+01
2.195603999999964362e+00 5.795060586553512394e+01
2.198159999999964143e+00 5.791723637037737404e+01
2.200715999999964367e+00 5.788392001943923049e+01
2.203271999999964148e+00 5.785065670306077834e+01
2.205827999999964373e+00 5.781744631183067895e+01
2.208383999999964153e+00 5.778428873658620546e+01
2.210939999999963934e+00 5.775118386841338491e+01
2.213495999999964159e+00 5.771813159864708354e+01
2.216051999999963940e+00 5.768513181887110619e+01
2.218607999999963720e+00 5.765218442091832429e+01
2.221163999999963945e+00 5.761928929687077527e+01
2.223719999999963726e+00 5.758644633905979759e+01
2.226275999999963506e+00 5.755365544006612311e+01
2.228831999999963731e+00 5.752091649272003338e+01
2.231387999999963512e+00 5.748822939010149469e+01
2.233943999999963737e+00 5.745559402554025041e+01
2.236499999999963517e+00 5.742301029261600576e+01
2.239055999999963298e+00 5.739047808515853433e+01
2.241611999999963967e+00 5.735799729724785578e+01
2.244167999999963747e+00 5.732556782321433531e+01
2.246723999999963528e+00 5.729318955763889676e+01
2.249279999999963753e+00 5.726086239535312927e+01
2.251835999999963533e+00 5.722858623143948620e+01
2.254391999999963314e+00 5.719636096123142011e+01
2.256947999999963539e+00 5.716418648031353911e+01
2.259503999999963320e+00 5.713206268452182712e+01
2.262059999999963544e+00 5.709998946994376468e+01
2.264615999999963325e+00 5.706796673291852784e+01
2.267171999999963106e+00 5.703599437003720141e+01
2.269727999999963330e+00 5.700407227814286415e+01
2.272283999999963111e+00 5.697220035433091567e+01
2.274839999999962892e+00 5.694037849594913325e+01
2.277395999999963117e+00 5.690860660059795606e+01
2.279951999999962897e+00 5.687688456613064858e+01
2.282507999999962678e+00 5.684521229065349956e+01
2.285063999999962903e+00 5.681358967252602810e+01
2.287619999999962683e+00 5.678201661036119674e+01
2.290175999999962464e+00 5.675049300302562472e+01
2.292731999999962689e+00 5.671901874963977974e+01
2.295287999999962469e+00 5.668759374957821962e+01
2.297843999999962694e+00 5.665621790246979828e+01
2.300399999999962475e+00 5.662489110819790739e+01
2.302955999999962255e+00 5.659361326690066107e+01
2.305511999999962480e+00 5.656238427897116594e+01
2.308067999999962261e+00 5.653120404505775554e+01
2.310623999999962042e+00 5.650007246606418931e+01
2.313179999999962266e+00 5.646898944314992974e+01
2.315735999999962047e+00 5.643795487773034125e+01
2.318291999999961828e+00 5.640696867147700289e+01
2.320847999999962052e+00 5.637603072631788592e+01
2.323403999999961833e+00 5.634514094443765231e+01
2.325959999999962058e+00 5.631429922827787493e+01
2.328515999999961839e+00 5.628350548053734315e+01
2.331071999999961619e+00 5.625275960417226884e+01
2.333627999999961844e+00 5.622206150239657774e+01
2.336183999999961625e+00 5.619141107868220786e+01
2.338739999999961405e+00 5.616080823675930134e+01
2.341295999999961630e+00 5.613025288061655971e+01
2.343851999999961411e+00 5.609974491450147127e+01
2.346407999999961191e+00 5.606928424292060953e+01
2.348963999999961416e+00 5.603887077063991740e+01
2.351519999999961197e+00 5.600850440268499142e+01
2.354075999999961422e+00 5.597818504434136599e+01
2.356631999999961202e+00 5.594791260115480469e+01
2.359187999999960983e+00 5.591768697893159867e+01
2.361743999999961208e+00 5.588750808373890777e+01
2.364299999999960988e+00 5.585737582190497363e+01
2.366855999999960769e+00 5.582729010001952474e+01
2.369411999999960994e+00 5.579725082493399668e+01
2.371967999999960774e+00 5.576725790376192293e+01
2.374523999999960555e+00 5.573731124387919778e+01
2.377079999999960780e+00 5.570741075292441735e+01
2.379635999999960561e+00 5.567755633879920651e+01
2.382191999999960341e+00 5.564774790966853857e+01
2.384747999999960566e+00 5.561798537396104791e+01
2.387303999999960347e+00 5.558826864036939241e+01
2.389859999999960571e+00 5.555859761785058737e+01
2.392415999999960352e+00 5.552897221562631103e+01
2.394971999999960133e+00 5.549939234318330961e+01
2.397527999999960358e+00 5.546985791027368151e+01
2.400083999999960138e+00 5.544036882691526102e+01
2.402639999999959919e+00 5.541092500339198779e+01
2.405195999999960144e+00 5.538152635025421944e+01
2.407751999999959924e+00 5.535217277831913663e+01
2.410307999999959705e+00 5.532286419867109117e+01
2.412863999999959930e+00 5.529360052266196845e+01
2.415419999999959710e+00 5.526438166191158530e+01
2.417975999999959935e+00 5.523520752830803815e+01
2.420531999999959716e+00 5.520607803400810099e+01
2.423087999999959496e+00 5.517699309143761610e+01
2.425643999999959721e+00 5.514795261329186360e+01
2.428199999999959502e+00 5.511895651253596640e+01
2.430755999999959283e+00 5.509000470240528813e+01
2.433311999999959507e+00 5.506109709640584526e+01
2.435867999999959288e+00 5.503223360831467659e+01
2.438423999999959069e+00 5.500341415218029795e+01
2.440979999999959293e+00 5.497463864232308595e+01
2.443535999999959074e+00 5.494590699333569006e+01
2.446091999999959299e+00 5.491721912008350159e+01
2.448647999999959080e+00 5.488857493770501605e+01
2.451203999999958860e+00 5.485997436161230922e+01
2.453759999999959085e+00 5.483141730749146348e+01
2.456315999999958866e+00 5.480290369130300121e+01
2.458871999999958646e+00 5.477443342928232539e+01
2.461427999999958871e+00 5.474600643794019561e+01
2.463983999999958652e+00 5.471762263406313309e+01
2.466539999999958432e+00 5.468928193471393229e+01
2.469095999999958657e+00 5.466098425723209431e+01
2.471651999999958438e+00 5.463272951923430298e+01
2.474207999999958663e+00 5.460451763861488672e+01
2.476763999999958443e+00 5.457634853354633009e+01
2.479319999999958224e+00 5.454822212247970725e+01
2.481875999999958449e+00 5.452013832414520067e+01
2.484431999999958229e+00 5.449209705755261268e+01
2.486987999999958010e+00 5.446409824199183447e+01
2.489543999999958235e+00 5.443614179703332923e+01
2.492099999999958015e+00 5.440822764252870058e+01
2.494655999999957796e+00 5.438035569861117580e+01
2.497211999999958465e+00 5.435252588569610310e+01
2.499767999999958246e+00 5.432473812448152728e+01
2.502323999999957582e+00 5.429699233594867280e+01
2.504879999999958251e+00 5.426928844136251939e+01
2.507435999999958032e+00 5.424162636227232070e+01
2.509991999999958256e+00 5.421400602051214435e+01
2.512547999999958037e+00 5.418642733820146873e+01
2.515103999999957818e+00 5.415889023774570177e+01
2.517659999999958043e+00 5.413139464183675642e+01
2.520215999999957823e+00 5.410394047345363333e+01
2.522771999999957604e+00 5.407652765586299637e+01
2.525327999999957829e+00 5.404915611261975528e+01
2.527883999999957609e+00 5.402182576756765542e+01
2.530439999999957390e+00 5.399453654483987464e+01
2.532995999999957615e+00 5.396728836885964142e+01
2.535551999999957395e+00 5.394008116434081046e+01
2.538107999999957620e+00 5.391291485628852342e+01
2.540663999999957401e+00 5.388578936999980584e+01
2.543219999999957182e+00 5.385870463106421369e+01
2.545775999999957406e+00 5.383166056536443733e+01
2.548331999999957187e+00 5.380465709907701211e+01
2.550887999999956968e+00 5.377769415867290093e+01
2.553443999999957192e+00 5.375077167091819064e+01
2.555999999999956973e+00 5.372388956287474571e+01
2.556000000000000050e+00 5.372388956287429096e+01
