0.000000000000000000e+00 6.999999999999999556e-01
1.000000000000000021e-02 6.985311017375827047e-01
2.000000000000000042e-02 6.840066309007722944e-01
2.999999999999999889e-02 6.862785741883614676e-01
4.000000000000000083e-02 6.946957045984371026e-01
5.000000000000000278e-02 6.976264206694688941e-01
6.000000000000000472e-02 6.984195169658595770e-01
7.000000000000000666e-02 6.985125551094494289e-01
8.000000000000000167e-02 6.983322670212602779e-01
8.999999999999999667e-02 6.980164812290187148e-01
9.999999999999999167e-02 6.976154729057876258e-01
1.099999999999999867e-01 6.971496926878371081e-01
1.199999999999999817e-01 6.966282673050799845e-01
1.299999999999999767e-01 6.960556101107864269e-01
1.399999999999999856e-01 6.954340165081248637e-01
1.499999999999999944e-01 6.947647677255645027e-01
1.600000000000000033e-01 6.940486331827588895e-01
1.700000000000000122e-01 6.932861128025515907e-01
1.800000000000000211e-01 6.924775598960460909e-01
1.900000000000000300e-01 6.916232462622461385e-01
2.000000000000000389e-01 6.907233980214153579e-01
2.100000000000000477e-01 6.897782160171989085e-01
2.200000000000000566e-01 6.887878877861617344e-01
2.300000000000000655e-01 6.877525947695690700e-01
2.400000000000000744e-01 6.866725167624809778e-01
2.500000000000000555e-01 6.855478347163583841e-01
2.600000000000000644e-01 6.843787325369140584e-01
2.700000000000000733e-01 6.831653982554172222e-01
2.800000000000000822e-01 6.819080248014636192e-01
2.900000000000000910e-01 6.806068105175611116e-01
3.000000000000000999e-01 6.792619595035981339e-01
3.100000000000001088e-01 6.778736818474435655e-01
3.200000000000001177e-01 6.764421937782038041e-01
3.300000000000001266e-01 6.749677177662225525e-01
3.400000000000001354e-01 6.734504825859357613e-01
3.500000000000001443e-01 6.718907233525084344e-01
3.600000000000001532e-01 6.702886815397588460e-01
3.700000000000001621e-01 6.686446049845854445e-01
3.800000000000001710e-01 6.669587478815672821e-01
3.900000000000001799e-01 6.652313707703434442e-01
4.000000000000001887e-01 6.634627405176459769e-01
4.100000000000001976e-01 6.616531302953428950e-01
4.200000000000002065e-01 6.598028195554855868e-01
4.300000000000002154e-01 6.579120940030916964e-01
4.400000000000002243e-01 6.559812455672079379e-01
4.500000000000002331e-01 6.540105723706582941e-01
4.600000000000002420e-01 6.520003786987812466e-01
4.700000000000002509e-01 6.499509749673827441e-01
4.800000000000002598e-01 6.478626776900755502e-01
4.900000000000002687e-01 6.457358094451286501e-01
5.000000000000002220e-01 6.435706988419185315e-01
5.100000000000002309e-01 6.413676804870440673e-01
5.200000000000002398e-01 6.391270949501471899e-01
5.300000000000002487e-01 6.368492887294618932e-01
5.400000000000002576e-01 6.345346142170992243e-01
5.500000000000002665e-01 6.321834296640636008e-01
5.600000000000002753e-01 6.297960991449850221e-01
5.700000000000002842e-01 6.273729925225405291e-01
5.800000000000002931e-01 6.249144854115321612e-01
5.900000000000003020e-01 6.224209591425776678e-01
6.000000000000003109e-01 6.198928007253666772e-01
6.100000000000003197e-01 6.173304028114249276e-01
6.200000000000003286e-01 6.147341636563263823e-01
6.300000000000003375e-01 6.121044870812849537e-01
6.400000000000003464e-01 6.094417824340536693e-01
6.500000000000003553e-01 6.067464645490535657e-01
6.600000000000003642e-01 6.040189537066500414e-01
6.700000000000003730e-01 6.012596755914916269e-01
6.800000000000003819e-01 5.984690612498185791e-01
6.900000000000003908e-01 5.956475470456502608e-01
7.000000000000003997e-01 5.927955746157512751e-01
7.100000000000004086e-01 5.899135908232785441e-01
7.200000000000004174e-01 5.870020477100044154e-01
7.300000000000004263e-01 5.840614024470122123e-01
7.400000000000004352e-01 5.810921172837556492e-01
7.500000000000004441e-01 5.780946594953739748e-01
7.600000000000004530e-01 5.750695013281519330e-01
7.700000000000004619e-01 5.720171199430138520e-01
7.800000000000004707e-01 5.689379973569393956e-01
7.900000000000004796e-01 5.658326203821897327e-01
8.000000000000004885e-01 5.627014805632307715e-01
8.100000000000004974e-01 5.595450741112437676e-01
8.200000000000005063e-01 5.563639018361115074e-01
8.300000000000005151e-01 5.531584690757718192e-01
8.400000000000005240e-01 5.499292856228300552e-01
8.500000000000005329e-01 5.466768656483260713e-01
8.600000000000005418e-01 5.434017276225527882e-01
8.700000000000005507e-01 5.401043942328263014e-01
8.800000000000005596e-01 5.367853922981106196e-01
8.900000000000005684e-01 5.334452526804052130e-01
9.000000000000005773e-01 5.300845101928056691e-01
9.100000000000005862e-01 5.267037035041539639e-01
9.200000000000005951e-01 5.233033750401983042e-01
9.300000000000006040e-01 5.198840708811891531e-01
9.400000000000006128e-01 5.164463406558423841e-01
9.500000000000006217e-01 5.129907374316071689e-01
9.600000000000006306e-01 5.095178176011823101e-01
9.700000000000006395e-01 5.060281407652312824e-01
9.800000000000006484e-01 5.025222696112539023e-01
9.900000000000006573e-01 4.990007697885773807e-01
1.000000000000000666e+00 4.954642097794412225e-01
1.010000000000000675e+00 4.919131607661534344e-01
1.020000000000000684e+00 4.883481964943074405e-01
1.030000000000000693e+00 4.847698931320547078e-01
1.040000000000000702e+00 4.811788291254380789e-01
1.050000000000000711e+00 4.775755850497988564e-01
1.060000000000000719e+00 4.739607434572791766e-01
1.070000000000000728e+00 4.703348887204508721e-01
1.080000000000000737e+00 4.666986068721105108e-01
1.090000000000000746e+00 4.630524854412894631e-01
1.100000000000000755e+00 4.593971132855373396e-01
1.110000000000000764e+00 4.557330804195461327e-01
1.120000000000000773e+00 4.520609778401917800e-01
1.130000000000000782e+00 4.483813973480790804e-01
1.140000000000000790e+00 4.446949313656847758e-01
1.150000000000000799e+00 4.410021727522036028e-01
1.160000000000000808e+00 4.373037146152100041e-01
1.170000000000000817e+00 4.336001501192582319e-01
1.180000000000000826e+00 4.298920722915514636e-01
1.190000000000000835e+00 4.261800738248198717e-01
1.200000000000000844e+00 4.224647468775554748e-01
1.210000000000000853e+00 4.187466828717603118e-01
1.220000000000000862e+00 4.150264722883718616e-01
1.230000000000000870e+00 4.113047044605379621e-01
1.240000000000000879e+00 4.075819673649200281e-01
1.250000000000000888e+00 4.038588474112117521e-01
1.260000000000000897e+00 4.001359292300656900e-01
1.270000000000000906e+00 3.964137954596276270e-01
1.280000000000000915e+00 3.926930265308843371e-01
1.290000000000000924e+00 3.889742004520356788e-01
1.300000000000000933e+00 3.852578925921073538e-01
1.310000000000000941e+00 3.815446754640258176e-01
1.320000000000000950e+00 3.778351185073801632e-01
1.330000000000000959e+00 3.741297878711009051e-01
1.340000000000000968e+00 3.704292461962877536e-01
1.350000000000000977e+00 3.667340523994220836e-01
1.360000000000000986e+00 3.630447614562024583e-01
1.370000000000000995e+00 3.593619241862422431e-01
1.380000000000001004e+00 3.556860870388711682e-01
1.390000000000001013e+00 3.520177918802825379e-01
1.400000000000001021e+00 3.483575757822687802e-01
1.410000000000001030e+00 3.447059708127870881e-01
1.420000000000001039e+00 3.410635038285972920e-01
1.430000000000001048e+00 3.374306962702116053e-01
1.440000000000001057e+00 3.338080639593952736e-01
1.450000000000001066e+00 3.301961168994541063e-01
1.460000000000001075e+00 3.265953590785426464e-01
1.470000000000001084e+00 3.230062882762228527e-01
1.480000000000001092e+00 3.194293958735000549e-01
1.490000000000001101e+00 3.158651666665583391e-01
1.500000000000001110e+00 3.123140786844126882e-01
1.510000000000001119e+00 3.087766030106903759e-01
1.520000000000001128e+00 3.052532036097481138e-01
1.530000000000001137e+00 3.017443371573256816e-01
1.540000000000001146e+00 2.982504528759299944e-01
1.550000000000001155e+00 2.947719923751372928e-01
1.560000000000001164e+00 2.913093894969929210e-01
1.570000000000001172e+00 2.878630701666817227e-01
1.580000000000001181e+00 2.844334522486330896e-01
1.590000000000001190e+00 2.810209454082169822e-01
1.600000000000001199e+00 2.776259509791791924e-01
1.610000000000001208e+00 2.742488618369539610e-01
1.620000000000001217e+00 2.708900622779843448e-01
1.630000000000001226e+00 2.675499279051708479e-01
1.640000000000001235e+00 2.642288255195595070e-01
1.650000000000001243e+00 2.609271130183706822e-01
1.660000000000001252e+00 2.576451392994605349e-01
1.670000000000001261e+00 2.543832441722970739e-01
1.680000000000001270e+00 2.511417582755222644e-01
1.690000000000001279e+00 2.479210030011623489e-01
1.700000000000001288e+00 2.447212904255378074e-01
1.710000000000001297e+00 2.415429232469145093e-01
1.720000000000001306e+00 2.383861947299276141e-01
1.730000000000001315e+00 2.352513886567992873e-01
1.740000000000001323e+00 2.321387792853616405e-01
1.750000000000001332e+00 2.290486313138862806e-01
1.760000000000001341e+00 2.259811998527115617e-01
1.770000000000001350e+00 2.229367304026496910e-01
1.780000000000001359e+00 2.199154588401452670e-01
1.790000000000001368e+00 2.169176114091483087e-01
1.800000000000001377e+00 2.139434047196548949e-01
1.810000000000001386e+00 2.109930457528597370e-01
1.820000000000001394e+00 2.080667318728564030e-01
1.830000000000001403e+00 2.051646508448116968e-01
1.840000000000001412e+00 2.022869808595331720e-01
1.850000000000001421e+00 1.994338905643397442e-01
1.860000000000001430e+00 1.966055391001385877e-01
1.870000000000001439e+00 1.938020761446029860e-01
1.880000000000001448e+00 1.910236419613395298e-01
1.890000000000001457e+00 1.882703674549254247e-01
1.900000000000001465e+00 1.855423742316906488e-01
1.910000000000001474e+00 1.828397746661132584e-01
1.920000000000001483e+00 1.801626719726902859e-01
1.930000000000001492e+00 1.775111602831411506e-01
1.940000000000001501e+00 1.748853247287954771e-01
1.950000000000001510e+00 1.722852415280121674e-01
1.960000000000001519e+00 1.697109780784724076e-01
1.970000000000001528e+00 1.671625930541849880e-01
1.980000000000001537e+00 1.646401365070386813e-01
1.990000000000001545e+00 1.621436499727332281e-01
2.000000000000001332e+00 1.596731665809171807e-01
2.010000000000001119e+00 1.572287111693585759e-01
2.020000000000000906e+00 1.548103004019718565e-01
2.030000000000000693e+00 1.524179428905227951e-01
2.040000000000000480e+00 1.500516393198315368e-01
2.050000000000000266e+00 1.477113825762925159e-01
2.060000000000000053e+00 1.453971578795295039e-01
2.069999999999999840e+00 1.431089429170029903e-01
2.079999999999999627e+00 1.408467079813874867e-01
2.089999999999999414e+00 1.386104161105360388e-01
2.099999999999999201e+00 1.364000232298496484e-01
2.109999999999998987e+00 1.342154782968703330e-01
2.119999999999998774e+00 1.320567234479172736e-01
2.129999999999998561e+00 1.299236941465868878e-01
2.139999999999998348e+00 1.278163193339393044e-01
2.149999999999998135e+00 1.257345215801952409e-01
2.159999999999997922e+00 1.236782172377698802e-01
2.169999999999997708e+00 1.216473165954719549e-01
2.179999999999997495e+00 1.196417240336993953e-01
2.189999999999997282e+00 1.176613381804652164e-01
2.199999999999997069e+00 1.157060520680903842e-01
2.209999999999996856e+00 1.137757532904036945e-01
2.219999999999996643e+00 1.118703241602915371e-01
2.229999999999996430e+00 1.099896418674444903e-01
2.239999999999996216e+00 1.081335786361506957e-01
2.249999999999996003e+00 1.063020018829901325e-01
2.259999999999995790e+00 1.044947743742876411e-01
2.269999999999995577e+00 1.027117543831864155e-01
2.279999999999995364e+00 1.009527958462080738e-01
2.289999999999995151e+00 9.921774851916925764e-02
2.299999999999994937e+00 9.750645813232922121e-02
2.309999999999994724e+00 9.581876654464706322e-02
2.319999999999994511e+00 9.415451189703183399e-02
2.329999999999994298e+00 9.251352876447287155e-02
2.339999999999994085e+00 9.089564830694253639e-02
2.349999999999993872e+00 8.930069841896783045e-02
2.359999999999993658e+00 8.772850387777188230e-02
2.369999999999993445e+00 8.617888648989098510e-02
2.379999999999993232e+00 8.465166523617723149e-02
2.389999999999993019e+00 8.314665641510135541e-02
2.399999999999992806e+00 8.166367378427495660e-02
2.409999999999992593e+00 8.020252870011572444e-02
2.419999999999992379e+00 7.876303025558367699e-02
2.429999999999992166e+00 7.734498541592088605e-02
2.439999999999991953e+00 7.594819915233150254e-02
2.449999999999991740e+00 7.457247457354324038e-02
2.459999999999991527e+00 7.321761305519566831e-02
2.469999999999991314e+00 7.188341436700478038e-02
2.479999999999991100e+00 7.056967679765764612e-02
2.489999999999990887e+00 6.927619727739471600e-02
2.499999999999990674e+00 6.800277149824143774e-02
2.509999999999990461e+00 6.674919403185479438e-02
2.519999999999990248e+00 6.551525844495399709e-02
2.529999999999990035e+00 6.430075741230828479e-02
2.539999999999989821e+00 6.310548282725854385e-02
2.549999999999989608e+00 6.192922590975278446e-02
2.559999999999989395e+00 6.077177731187898002e-02
2.569999999999989182e+00 5.963292722088209263e-02
2.579999999999988969e+00 5.851246545965531343e-02
2.589999999999988756e+00 5.741018158469858579e-02
2.599999999999988542e+00 5.632586498154057431e-02
2.609999999999988329e+00 5.525930495762302469e-02
2.619999999999988116e+00 5.421029083264927023e-02
2.629999999999987903e+00 5.317861202640140894e-02
2.639999999999987690e+00 5.216405814403303476e-02
2.649999999999987477e+00 5.116641905884709851e-02
2.659999999999987264e+00 5.018548499257063228e-02
2.669999999999987050e+00 4.922104659314043007e-02
2.679999999999986837e+00 4.827289501001590794e-02
2.689999999999986624e+00 4.734082196703730261e-02
2.699999999999986411e+00 4.642461983284944249e-02
2.709999999999986198e+00 4.552408168891302481e-02
2.719999999999985985e+00 4.463900139512718551e-02
2.729999999999985771e+00 4.376917365308860552e-02
2.739999999999985558e+00 4.291439406701413189e-02
2.749999999999985345e+00 4.207445920235515502e-02
2.759999999999985132e+00 4.124916664213342660e-02
2.769999999999984919e+00 4.043831504102916863e-02
2.779999999999984706e+00 3.964170417725357970e-02
2.789999999999984492e+00 3.885913500223883710e-02
2.799999999999984279e+00 3.809040968817967165e-02
2.809999999999984066e+00 3.733533167346159143e-02
2.819999999999983853e+00 3.659370570601150341e-02
2.829999999999983640e+00 3.586533788460731509e-02
2.839999999999983427e+00 3.515003569818380552e-02
2.849999999999983213e+00 3.444760806317247875e-02
2.859999999999983000e+00 3.375786535891382723e-02
2.869999999999982787e+00 3.308061946118071722e-02
2.879999999999982574e+00 3.241568377385210115e-02
2.889999999999982361e+00 3.176287325877653195e-02
2.899999999999982148e+00 3.112200446386519104e-02
2.909999999999981934e+00 3.049289554945441155e-02
2.919999999999981721e+00 2.987536631297770320e-02
2.929999999999981508e+00 2.926923821198750345e-02
2.939999999999981295e+00 2.867433438556679301e-02
2.949999999999981082e+00 2.809047967417078323e-02
2.959999999999980869e+00 2.751750063793875767e-02
2.969999999999980655e+00 2.695522557351609505e-02
2.979999999999980442e+00 2.640348452942628890e-02
2.989999999999980229e+00 2.586210932003265434e-02
2.999999999999980016e+00 2.533093353812911064e-02
3.009999999999979803e+00 2.480979256619922704e-02
3.019999999999979590e+00 2.429852358638235829e-02
3.029999999999979376e+00 2.379696558918541552e-02
3.039999999999979163e+00 2.330495938097841557e-02
3.049999999999978950e+00 2.282234759031157370e-02
3.059999999999978737e+00 2.234897467309130206e-02
3.069999999999978524e+00 2.188468691665200125e-02
3.079999999999978311e+00 2.142933244276009827e-02
3.089999999999978098e+00 2.098276120958627450e-02
3.099999999999977884e+00 2.054482501268134823e-02
3.109999999999977671e+00 2.011537748499071451e-02
3.119999999999977458e+00 1.969427409594175574e-02
3.129999999999977245e+00 1.928137214963803955e-02
3.139999999999977032e+00 1.887653078219357280e-02
3.149999999999976819e+00 1.847961095823981784e-02
3.159999999999976605e+00 1.809047546663754627e-02
3.169999999999976392e+00 1.770898891542505016e-02
3.179999999999976179e+00 1.733501772603361635e-02
3.189999999999975966e+00 1.696843012680053497e-02
3.199999999999975753e+00 1.660909614580931976e-02
3.209999999999975540e+00 1.625688760308618627e-02
3.219999999999975326e+00 1.591167810218120995e-02
3.229999999999975113e+00 1.557334302116197659e-02
3.239999999999974900e+00 1.524175950304685646e-02
3.249999999999974687e+00 1.491680644570448147e-02
3.259999999999974474e+00 1.459836449124530047e-02
3.269999999999974261e+00 1.428631601493052239e-02
3.279999999999974047e+00 1.398054511362307670e-02
3.289999999999973834e+00 1.368093759380463459e-02
3.299999999999973621e+00 1.338738095918211128e-02
3.309999999999973408e+00 1.309976439790642468e-02
3.319999999999973195e+00 1.281797876942570788e-02
3.329999999999972982e+00 1.254191659099454514e-02
3.339999999999972768e+00 1.227147202386020750e-02
3.349999999999972555e+00 1.200654085914626239e-02
3.359999999999972342e+00 1.174702050345335230e-02
3.369999999999972129e+00 1.149280996419634743e-02
3.379999999999971916e+00 1.124380983469650160e-02
3.389999999999971703e+00 1.099992227904666997e-02
3.399999999999971489e+00 1.076105101676711265e-02
3.409999999999971276e+00 1.052710130726880987e-02
3.419999999999971063e+00 1.029797993414071494e-02
3.429999999999970850e+00 1.007359518927681413e-02
3.439999999999970637e+00 9.853856856858338870e-03
3.449999999999970424e+00 9.638676197205967369e-03
3.459999999999970210e+00 9.427965930516328877e-03
3.469999999999969997e+00 9.221640220496650150e-03
3.479999999999969784e+00 9.019614657910858188e-03
3.489999999999969571e+00 8.821806244050024726e-03
3.499999999999969358e+00 8.628133374139508940e-03
3.509999999999969145e+00 8.438515820694745401e-03
3.519999999999968932e+00 8.252874716837140315e-03
3.529999999999968718e+00 8.071132539581121063e-03
3.539999999999968505e+00 7.893213093102934702e-03
3.549999999999968292e+00 7.719041492001386950e-03
3.559999999999968079e+00 7.548544144560276857e-03
3.569999999999967866e+00 7.381648736021915493e-03
3.579999999999967653e+00 7.218284211880693704e-03
3.589999999999967439e+00 7.058380761205301432e-03
3.599999999999967226e+00 6.901869799997812499e-03
3.609999999999967013e+00 6.748683954597499250e-03
3.619999999999966800e+00 6.598757045136884915e-03
3.629999999999966587e+00 6.452024069057185097e-03
3.639999999999966374e+00 6.308421184689974072e-03
3.649999999999966160e+00 6.167885694911565478e-03
3.659999999999965947e+00 6.030356030876298651e-03
3.669999999999965734e+00 5.895771735834597418e-03
3.679999999999965521e+00 5.764073449041381102e-03
3.689999999999965308e+00 5.635202889760111689e-03
3.699999999999965095e+00 5.509102841367474052e-03
3.709999999999964881e+00 5.385717135563430208e-03
3.719999999999964668e+00 5.264990636691100657e-03
3.729999999999964455e+00 5.146869226170683841e-03
3.739999999999964242e+00 5.031299787051372353e-03
3.749999999999964029e+00 4.918230188684985169e-03
3.759999999999963816e+00 4.807609271524793983e-03
3.769999999999963602e+00 4.699386832052809305e-03
3.779999999999963389e+00 4.593513607838559457e-03
3.789999999999963176e+00 4.489941262732198742e-03
3.799999999999962963e+00 4.388622372194564240e-03
3.809999999999962750e+00 4.289510408766614158e-03
3.819999999999962537e+00 4.192559727680486396e-03
3.829999999999962323e+00 4.097725552614232998e-03
3.839999999999962110e+00 4.004963961592106561e-03
3.849999999999961897e+00 3.914231873032118607e-03
3.859999999999961684e+00 3.825487031942402093e-03
3.869999999999961471e+00 3.738687996267775395e-03
3.879999999999961258e+00 3.653794123387741569e-03
3.889999999999961044e+00 3.570765556767011885e-03
3.899999999999960831e+00 3.489563212759505106e-03
3.909999999999960618e+00 3.410148767566636117e-03
3.919999999999960405e+00 3.332484644350582580e-03
3.929999999999960192e+00 3.256534000503089922e-03
3.939999999999959979e+00 3.182260715070254868e-03
3.949999999999959766e+00 3.109629376333622724e-03
3.959999999999959552e+00 3.038605269547811800e-03
3.969999999999959339e+00 2.969154364834784236e-03
3.979999999999959126e+00 2.901243305234775787e-03
3.989999999999958913e+00 2.834839394913806106e-03
3.999999999999958700e+00 2.769910587527597313e-03
4.009999999999958931e+00 2.706425474741643283e-03
4.019999999999958717e+00 2.644353274907086573e-03
4.029999999999958504e+00 2.583663821891984090e-03
4.039999999999958291e+00 2.524327554067465340e-03
4.049999999999958078e+00 2.466315503448215148e-03
4.059999999999957865e+00 2.409599284986648111e-03
4.069999999999957652e+00 2.354151086020072649e-03
4.079999999999957438e+00 2.299943655870084844e-03
4.089999999999957225e+00 2.246950295593375460e-03
4.099999999999957012e+00 2.195144847883071914e-03
4.109999999999956799e+00 2.144501687119697124e-03
4.119999999999956586e+00 2.094995709570764662e-03
4.129999999999956373e+00 2.046602323737994108e-03
4.139999999999956160e+00 1.999297440851085378e-03
4.149999999999955946e+00 1.953057465506942685e-03
4.159999999999955733e+00 1.907859286453213827e-03
4.169999999999955520e+00 1.863680267514962810e-03
4.179999999999955307e+00 1.820498238663266922e-03
4.189999999999955094e+00 1.778291487224499664e-03
4.199999999999954881e+00 1.737038749229025385e-03
4.209999999999954667e+00 1.696719200898014765e-03
4.219999999999954454e+00 1.657312450267055389e-03
4.229999999999954241e+00 1.618798528945218206e-03
4.239999999999954028e+00 1.581157884008213771e-03
4.249999999999953815e+00 1.544371370024256356e-03
4.259999999999953602e+00 1.508420241211235781e-03
4.269999999999953388e+00 1.473286143723782958e-03
4.279999999999953175e+00 1.438951108068797996e-03
4.289999999999952962e+00 1.405397541648002345e-03
4.299999999999952749e+00 1.372608221426061502e-03
4.309999999999952536e+00 1.340566286722816346e-03
4.319999999999952323e+00 1.309255232128156161e-03
4.329999999999952109e+00 1.278658900538054942e-03
4.339999999999951896e+00 1.248761476310290613e-03
4.349999999999951683e+00 1.219547478538362661e-03
4.359999999999951470e+00 1.191001754442116978e-03
4.369999999999951257e+00 1.163109472873589739e-03
4.379999999999951044e+00 1.135856117936576929e-03
4.389999999999950830e+00 1.109227482718438528e-03
4.399999999999950617e+00 1.083209663132646576e-03
4.409999999999950404e+00 1.057789051870587638e-03
4.419999999999950191e+00 1.032952332461134970e-03
4.429999999999949978e+00 1.008686473436505885e-03
4.439999999999949765e+00 9.849787226029280834e-04
4.449999999999949551e+00 9.618166014146392216e-04
4.459999999999949338e+00 9.391878994497552006e-04
4.469999999999949125e+00 9.170806689865427250e-04
4.479999999999948912e+00 8.954832196786448274e-04
4.489999999999948699e+00 8.743841133278111881e-04
4.499999999999948486e+00 8.537721587526957059e-04
4.509999999999948272e+00 8.336364067522910410e-04
4.519999999999948059e+00 8.139661451625801502e-04
4.529999999999947846e+00 7.947508940049939413e-04
4.539999999999947633e+00 7.759804007252742598e-04
4.549999999999947420e+00 7.576446355213516072e-04
4.559999999999947207e+00 7.397337867588591387e-04
4.569999999999946994e+00 7.222382564729135914e-04
4.579999999999946780e+00 7.051486559548082169e-04
4.589999999999946567e+00 6.884558014222713542e-04
4.599999999999946354e+00 6.721507097719592446e-04
4.609999999999946141e+00 6.562245944128630715e-04
4.619999999999945928e+00 6.406688611793220261e-04
4.629999999999945715e+00 6.254751043223489475e-04
4.639999999999945501e+00 6.106351025779865752e-04
4.649999999999945288e+00 5.961408153114264395e-04
4.659999999999945075e+00 5.819843787356360773e-04
4.669999999999944862e+00 5.681581022032529448e-04
4.679999999999944649e+00 5.546544645705191179e-04
4.689999999999944436e+00 5.414661106320419349e-04
4.699999999999944222e+00 5.285858476251822100e-04
4.709999999999944009e+00 5.160066418028844441e-04
4.719999999999943796e+00 5.037216150737780940e-04
4.729999999999943583e+00 4.917240417083925145e-04
4.739999999999943370e+00 4.800073451103438536e-04
4.749999999999943157e+00 4.685650946513642717e-04
4.759999999999942943e+00 4.573910025690608753e-04
4.769999999999942730e+00 4.464789209263039012e-04
4.779999999999942517e+00 4.358228386311590262e-04
4.789999999999942304e+00 4.254168785162933163e-04
4.799999999999942091e+00 4.152552944767975008e-04
4.809999999999941878e+00 4.053324686653833045e-04
4.819999999999941664e+00 3.956429087439273075e-04
4.829999999999941451e+00 3.861812451903479321e-04
4.839999999999941238e+00 3.769422286598161898e-04
4.849999999999941025e+00 3.679207273993148142e-04
4.859999999999940812e+00 3.591117247145749294e-04
4.869999999999940599e+00 3.505103164884330663e-04
4.879999999999940385e+00 3.421117087496655966e-04
4.889999999999940172e+00 3.339112152913711515e-04
4.899999999999939959e+00 3.259042553379860679e-04
4.909999999999939746e+00 3.180863512600310750e-04
4.919999999999939533e+00 3.104531263357014799e-04
4.929999999999939320e+00 3.030003025584262761e-04
4.939999999999939106e+00 2.957236984895352688e-04
4.949999999999938893e+00 2.886192271551870714e-04
4.959999999999938680e+00 2.816828939867231413e-04
4.969999999999938467e+00 2.749107948036267853e-04
4.979999999999938254e+00 2.682991138382794069e-04
4.989999999999938041e+00 2.618441218017182972e-04
4.999999999999937828e+00 2.555421739896135023e-04
5.009999999999937614e+00 2.493897084276942540e-04
5.019999999999937401e+00 2.433832440558675672e-04
5.029999999999937188e+00 2.375193789502840760e-04
5.039999999999936975e+00 2.317947885826185676e-04
5.049999999999936762e+00 2.262062241158449235e-04
5.059999999999936549e+00 2.207505107357968883e-04
5.069999999999936335e+00 2.154245460178183102e-04
5.079999999999936122e+00 2.102252983278180161e-04
5.089999999999935909e+00 2.051498052570562502e-04
5.099999999999935696e+00 2.001951720900009037e-04
5.109999999999935483e+00 1.953585703046034237e-04
5.119999999999935270e+00 1.906372361043552079e-04
5.129999999999935056e+00 1.860284689814963260e-04
5.139999999999934843e+00 1.815296303107597387e-04
5.149999999999934630e+00 1.771381419730444560e-04
5.159999999999934417e+00 1.728514850084222475e-04
5.169999999999934204e+00 1.686671982978924054e-04
5.179999999999933991e+00 1.645828772733102336e-04
5.189999999999933777e+00 1.605961726549243120e-04
5.199999999999933564e+00 1.567047892159683980e-04
5.209999999999933351e+00 1.529064845737633201e-04
5.219999999999933138e+00 1.491990680067942937e-04
5.229999999999932925e+00 1.455803992972386370e-04
5.239999999999932712e+00 1.420483875984283482e-04
5.249999999999932498e+00 1.386009903267417626e-04
5.259999999999932285e+00 1.352362120774271842e-04
5.269999999999932072e+00 1.319521035638712236e-04
5.279999999999931859e+00 1.287467605798327610e-04
5.289999999999931646e+00 1.256183229841732361e-04
5.299999999999931433e+00 1.225649737076218299e-04
5.309999999999931219e+00 1.195849377811232490e-04
5.319999999999931006e+00 1.166764813853241728e-04
5.329999999999930793e+00 1.138379109207625952e-04
5.339999999999930580e+00 1.110675720983326684e-04
5.349999999999930367e+00 1.083638490496057068e-04
5.359999999999930154e+00 1.057251634565958148e-04
5.369999999999929940e+00 1.031499737005667065e-04
5.379999999999929727e+00 1.006367740294836590e-04
5.389999999999929514e+00 9.818409374372233248e-05
5.399999999999929301e+00 9.579049639965354923e-05
5.409999999999929088e+00 9.345457903073053885e-05
5.419999999999928875e+00 9.117497138571220160e-05
5.429999999999928662e+00 8.895033518366323496e-05
5.439999999999928448e+00 8.677936338537870344e-05
5.449999999999928235e+00 8.466077948088778730e-05
5.459999999999928022e+00 8.259333679269782941e-05
5.469999999999927809e+00 8.057581779444672454e-05
5.479999999999927596e+00 7.860703344463807873e-05
5.489999999999927383e+00 7.668582253513989545e-05
5.499999999999927169e+00 7.481105105413402337e-05
5.509999999999926956e+00 7.298161156320957701e-05
5.519999999999926743e+00 7.119642258829978962e-05
5.529999999999926530e+00 6.945442802416755784e-05
5.539999999999926317e+00 6.775459655215096866e-05
5.549999999999926104e+00 6.609592107088576413e-05
5.559999999999925890e+00 6.447741813972732367e-05
5.569999999999925677e+00 6.289812743460038147e-05
5.579999999999925464e+00 6.135711121601014487e-05
5.589999999999925251e+00 5.985345380895377835e-05
5.599999999999925038e+00 5.838626109447650351e-05
5.609999999999924825e+00 5.695466001262183034e-05
5.619999999999924611e+00 5.555779807653031424e-05
5.629999999999924398e+00 5.419484289744641006e-05
5.639999999999924185e+00 5.286498172039778544e-05
5.649999999999923972e+00 5.156742097031625323e-05
5.659999999999923759e+00 5.030138580837423295e-05
5.669999999999923546e+00 4.906611969831523208e-05
5.679999999999923332e+00 4.786088398256146595e-05
5.689999999999923119e+00 4.668495746788605853e-05
5.699999999999922906e+00 4.553763602044171819e-05
5.709999999999922693e+00 4.441823216994212627e-05
5.719999999999922480e+00 4.332607472279632839e-05
5.729999999999922267e+00 4.226050838400068061e-05
5.739999999999922053e+00 4.122089338759692123e-05
5.749999999999921840e+00 4.020660513550888918e-05
5.759999999999921627e+00 3.921703384457431320e-05
5.769999999999921414e+00 3.825158420159193161e-05
5.779999999999921201e+00 3.730967502620795615e-05
5.789999999999920988e+00 3.639073894146955960e-05
5.799999999999920774e+00 3.549422205187667849e-05
5.809999999999920561e+00 3.461958362876695956e-05
5.819999999999920348e+00 3.376629580287213433e-05
5.829999999999920135e+00 3.293384326388754189e-05
5.839999999999919922e+00 3.212172296689983354e-05
5.849999999999919709e+00 3.132944384552113190e-05
5.859999999999919496e+00 3.055652653158116985e-05
5.869999999999919282e+00 2.980250308123210922e-05
5.879999999999919069e+00 2.906691670732366659e-05
5.889999999999918856e+00 2.834932151790940232e-05
5.899999999999918643e+00 2.764928226074782775e-05
5.909999999999918430e+00 2.696637407366495319e-05
5.919999999999918217e+00 2.630018224064774234e-05
5.929999999999918003e+00 2.565030195354072685e-05
5.939999999999917790e+00 2.501633807922071164e-05
5.949999999999917577e+00 2.439790493212728989e-05
5.959999999999917364e+00 2.379462605202938024e-05
5.969999999999917151e+00 2.320613398691066532e-05
5.979999999999916938e+00 2.263207008085929756e-05
5.989999999999916724e+00 2.207208426684966073e-05
5.999999999999916511e+00 2.152583486430649300e-05
6.009999999999916298e+00 2.099298838134394419e-05
6.019999999999916085e+00 2.047321932157450774e-05
6.029999999999915872e+00 1.996620999538506233e-05
6.039999999999915659e+00 1.947165033557941564e-05
6.049999999999915445e+00 1.898923771728900991e-05
6.059999999999915232e+00 1.851867678205549854e-05
6.069999999999915019e+00 1.805967926599107823e-05
6.079999999999914806e+00 1.761196383192443300e-05
6.089999999999914593e+00 1.717525590544221318e-05
6.099999999999914380e+00 1.674928751473790049e-05
6.109999999999914166e+00 1.633379713418187511e-05
6.119999999999913953e+00 1.592852953152831702e-05
6.129999999999913740e+00 1.553323561867650152e-05
6.139999999999913527e+00 1.514767230590580735e-05
6.149999999999913314e+00 1.477160235950551428e-05
6.159999999999913101e+00 1.440479426272225765e-05
6.169999999999912887e+00 1.404702207994963371e-05
6.179999999999912674e+00 1.369806532408617054e-05
6.189999999999912461e+00 1.335770882698946372e-05
6.199999999999912248e+00 1.302574261295589157e-05
6.209999999999912035e+00 1.270196177515687181e-05
6.219999999999911822e+00 1.238616635496415623e-05
6.229999999999911608e+00 1.207816122409814718e-05
6.239999999999911395e+00 1.177775596953468020e-05
6.249999999999911182e+00 1.148476478110715196e-05
6.259999999999910969e+00 1.119900634174228194e-05
6.269999999999910756e+00 1.092030372026914326e-05
6.279999999999910543e+00 1.064848426674246512e-05
6.289999999999910330e+00 1.038337951022251214e-05
6.299999999999910116e+00 1.012482505895512460e-05
6.309999999999909903e+00 9.872660502896772857e-06
6.319999999999909690e+00 9.626729318530707148e-06
6.329999999999909477e+00 9.386878775921483385e-06
6.339999999999909264e+00 9.152959847956324766e-06
6.349999999999909051e+00 8.924827121722946112e-06
6.359999999999908837e+00 8.702338711974575799e-06
6.369999999999908624e+00 8.485356176634024867e-06
6.379999999999908411e+00 8.273744434289737057e-06
6.389999999999908198e+00 8.067371683637808953e-06
6.399999999999907985e+00 7.866109324824994316e-06
6.409999999999907772e+00 7.669831882648731584e-06
6.419999999999907558e+00 7.478416931571212712e-06
6.429999999999907345e+00 7.291745022505492373e-06
6.439999999999907132e+00 7.109699611332569119e-06
6.449999999999906919e+00 6.932166989109311181e-06
6.459999999999906706e+00 6.759036213927999099e-06
6.469999999999906493e+00 6.590199044389139162e-06
6.479999999999906279e+00 6.425549874650085937e-06
6.489999999999906066e+00 6.264985671012839701e-06
6.499999999999905853e+00 6.108405910015235035e-06
6.509999999999905640e+00 5.955712517990532170e-06
6.519999999999905427e+00 5.806809812061226560e-06
6.529999999999905214e+00 5.661604442533667126e-06
6.539999999999905000e+00 5.520005336660830082e-06
6.549999999999904787e+00 5.381923643741343127e-06
6.559999999999904574e+00 5.247272681523577362e-06
6.569999999999904361e+00 5.115967883884334036e-06
6.579999999999904148e+00 4.987926749752356339e-06
6.589999999999903935e+00 4.863068793247562166e-06
6.599999999999903721e+00 4.741315495007573127e-06
6.609999999999903508e+00 4.622590254673756282e-06
6.619999999999903295e+00 4.506818344509627789e-06
6.629999999999903082e+00 4.393926864125100432e-06
6.639999999999902869e+00 4.283844696280649860e-06
6.649999999999902656e+00 4.176502463746085140e-06
6.659999999999902442e+00 4.071832487189173296e-06
6.669999999999902229e+00 3.969768744069946076e-06
6.679999999999902016e+00 3.870246828517071109e-06
6.689999999999901803e+00 3.773203912163207937e-06
6.699999999999901590e+00 3.678578705916805979e-06
6.709999999999901377e+00 3.586311422648314366e-06
6.719999999999901164e+00 3.496343740769288604e-06
6.729999999999900950e+00 3.408618768683364758e-06
6.739999999999900737e+00 3.323081010088566969e-06
6.749999999999900524e+00 3.239676330110882526e-06
6.759999999999900311e+00 3.158351922249499476e-06
6.769999999999900098e+00 3.079056276114563835e-06
6.779999999999899885e+00 3.001739145938744175e-06
6.789999999999899671e+00 2.926351519844336047e-06
6.799999999999899458e+00 2.852845589848052476e-06
6.809999999999899245e+00 2.781174722586064364e-06
6.819999999999899032e+00 2.711293430742259077e-06
6.829999999999898819e+00 2.643157345163079375e-06
6.839999999999898606e+00 2.576723187642690247e-06
6.849999999999898392e+00 2.511948744362600657e-06
6.859999999999898179e+00 2.448792839970233176e-06
6.869999999999897966e+00 2.387215312281299906e-06
6.879999999999897753e+00 2.327176987591187479e-06
6.889999999999897540e+00 2.268639656580907941e-06
6.899999999999897327e+00 2.211566050803497163e-06
6.909999999999897113e+00 2.155919819737085506e-06
6.919999999999896900e+00 2.101665508391171630e-06
6.929999999999896687e+00 2.048768535452958149e-06
6.939999999999896474e+00 1.997195171960902627e-06
6.949999999999896261e+00 1.946912520492947384e-06
6.959999999999896048e+00 1.897888494857178125e-06
6.969999999999895834e+00 1.850091800272950633e-06
6.979999999999895621e+00 1.803491914030802425e-06
6.989999999999895408e+00 1.758059066619743204e-06
6.999999999999895195e+00 1.713764223310781822e-06
7.009999999999894982e+00 1.670579066185808980e-06
7.019999999999894769e+00 1.628475976601211753e-06
7.029999999999894555e+00 1.587428018075843996e-06
7.039999999999894342e+00 1.547408919593219373e-06
7.049999999999894129e+00 1.508393059308033856e-06
7.059999999999893916e+00 1.470355448647353927e-06
7.069999999999893703e+00 1.433271716797038098e-06
7.079999999999893490e+00 1.397118095564176066e-06
7.089999999999893276e+00 1.361871404606550833e-06
7.099999999999893063e+00 1.327509037020339227e-06
7.109999999999892850e+00 1.294008945277471651e-06
7.119999999999892637e+00 1.261349627504278126e-06
7.129999999999892424e+00 1.229510114093240639e-06
7.139999999999892211e+00 1.198469954639866585e-06
7.149999999999891998e+00 1.168209205196887440e-06
7.159999999999891784e+00 1.138708415838170155e-06
7.169999999999891571e+00 1.109948618524907296e-06
7.179999999999891358e+00 1.081911315266829603e-06
7.189999999999891145e+00 1.054578466571354486e-06
7.199999999999890932e+00 1.027932480173753791e-06
7.209999999999890719e+00 1.001956200041585757e-06
7.219999999999890505e+00 9.766328956467953088e-07
7.229999999999890292e+00 9.519462514990483110e-07
7.239999999999890079e+00 9.278803569340091908e-07
7.249999999999889866e+00 9.044196961504295083e-07
7.259999999999889653e+00 8.815491384900545106e-07
7.269999999999889440e+00 8.592539289544984817e-07
7.279999999999889226e+00 8.375196789533799931e-07
7.289999999999889013e+00 8.163323572781418816e-07
7.299999999999888800e+00 7.956782812961139832e-07
7.309999999999888587e+00 7.755441083595063468e-07
7.319999999999888374e+00 7.559168274241469701e-07
7.329999999999888161e+00 7.367837508728998593e-07
7.339999999999887947e+00 7.181325065388228806e-07
7.349999999999887734e+00 6.999510299232392225e-07
7.359999999999887521e+00 6.822275566040137058e-07
7.369999999999887308e+00 6.649506148294362471e-07
7.379999999999887095e+00 6.481090182932238367e-07
7.389999999999886882e+00 6.316918590862618693e-07
7.399999999999886668e+00 6.156885008208066775e-07
7.409999999999886455e+00 6.000885719229764653e-07
7.419999999999886242e+00 5.848819590894556717e-07
7.429999999999886029e+00 5.700588009044352039e-07
7.439999999999885816e+00 5.556094816129075417e-07
7.449999999999885603e+00 5.415246250465261332e-07
7.459999999999885389e+00 5.277950886983312549e-07
7.469999999999885176e+00 5.144119579427323876e-07
7.479999999999884963e+00 5.013665403972226033e-07
7.489999999999884750e+00 4.886503604223865387e-07
7.499999999999884537e+00 4.762551537568445297e-07
7.509999999999884324e+00 4.641728622838566878e-07
7.519999999999884110e+00 4.523956289263888936e-07
7.529999999999883897e+00 4.409157926675196555e-07
7.539999999999883684e+00 4.297258836931415316e-07
7.549999999999883471e+00 4.188186186539839249e-07
7.559999999999883258e+00 4.081868960440554748e-07
7.569999999999883045e+00 3.978237916926739896e-07
7.579999999999882832e+00 3.877225543673201063e-07
7.589999999999882618e+00 3.778766014846167698e-07
7.599999999999882405e+00 3.682795149268021131e-07
7.609999999999882192e+00 3.589250369611264765e-07
7.619999999999881979e+00 3.498070662596657633e-07
7.629999999999881766e+00 3.409196540171042161e-07
7.639999999999881553e+00 3.322570001640983484e-07
7.649999999999881339e+00 3.238134496738914223e-07
7.659999999999881126e+00 3.155834889599039233e-07
7.669999999999880913e+00 3.075617423620802759e-07
7.679999999999880700e+00 2.997429687198259387e-07
7.689999999999880487e+00 2.921220580294207883e-07
7.699999999999880274e+00 2.846940281838461624e-07
7.709999999999880060e+00 2.774540217930121646e-07
7.719999999999879847e+00 2.703973030824212257e-07
7.729999999999879634e+00 2.635192548683507155e-07
7.739999999999879421e+00 2.568153756076840391e-07
7.749999999999879208e+00 2.502812765205647557e-07
7.759999999999878995e+00 2.439126787840925677e-07
7.769999999999878781e+00 2.377054107953228581e-07
7.779999999999878568e+00 2.316554055018738030e-07
7.789999999999878355e+00 2.257586977984859581e-07
7.799999999999878142e+00 2.200114219879193442e-07
7.809999999999877929e+00 2.144098093046121003e-07
7.819999999999877716e+00 2.089501854995633408e-07
7.829999999999877502e+00 2.036289684849393784e-07
7.839999999999877289e+00 1.984426660369396941e-07
7.849999999999877076e+00 1.933878735554939479e-07
7.859999999999876863e+00 1.884612718793962097e-07
7.869999999999876650e+00 1.836596251555165538e-07
7.879999999999876437e+00 1.789797787607627150e-07
7.889999999999876223e+00 1.744186572754974345e-07
7.899999999999876010e+00 1.699732625071477491e-07
7.909999999999875797e+00 1.656406715627740289e-07
7.919999999999875584e+00 1.614180349693958703e-07
7.929999999999875371e+00 1.573025748409013872e-07
7.939999999999875158e+00 1.532915830903952402e-07
7.949999999999874944e+00 1.493824196868682996e-07
7.959999999999874731e+00 1.455725109550989975e-07
7.969999999999874518e+00 1.418593479177232611e-07
7.979999999999874305e+00 1.382404846784355732e-07
7.989999999999874092e+00 1.347135368453088998e-07
7.999999999999873879e+00 1.312761799932461909e-07
8.009999999999873666e+00 1.279261481645999531e-07
8.019999999999873452e+00 1.246612324070200321e-07
8.029999999999873239e+00 1.214792793476125856e-07
8.039999999999873026e+00 1.183781898025156090e-07
8.049999999999872813e+00 1.153559174210182897e-07
8.059999999999872600e+00 1.124104673633726200e-07
8.069999999999872387e+00 1.095398950114666719e-07
8.079999999999872173e+00 1.067423047115490296e-07
8.089999999999871960e+00 1.040158485482138064e-07
8.099999999999871747e+00 1.013587251488749835e-07
8.109999999999871534e+00 9.876917851797760084e-08
8.119999999999871321e+00 9.624549690021173886e-08
8.129999999999871108e+00 9.378601167201324620e-08
8.139999999999870894e+00 9.138909626065262089e-08
8.149999999999870681e+00 8.905316509023058150e-08
8.159999999999870468e+00 8.677667255391546019e-08
8.169999999999870255e+00 8.455811201177401390e-08
8.179999999999870042e+00 8.239601481356290680e-08
8.189999999999869829e+00 8.028894934586378730e-08
8.199999999999869615e+00 7.823552010295990448e-08
8.209999999999869402e+00 7.623436678086701866e-08
8.219999999999869189e+00 7.428416339394569416e-08
8.229999999999868976e+00 7.238361741353621050e-08
8.239999999999868763e+00 7.053146892807097328e-08
8.249999999999868550e+00 6.872648982413255439e-08
8.259999999999868336e+00 6.696748298793891108e-08
8.269999999999868123e+00 6.525328152674958911e-08
8.279999999999867910e+00 6.358274800969947360e-08
8.289999999999867697e+00 6.195477372757869485e-08
8.299999999999867484e+00 6.036827797108910214e-08
8.309999999999867271e+00 5.882220732711910693e-08
8.319999999999867057e+00 5.731553499259032372e-08
8.329999999999866844e+00 5.584726010544001841e-08
8.339999999999866631e+00 5.441640709231438510e-08
8.349999999999866418e+00 5.302202503255790959e-08
8.359999999999866205e+00 5.166318703809448708e-08
8.369999999999865992e+00 5.033898964880570918e-08
8.379999999999865778e+00 4.904855224302162812e-08
8.389999999999865565e+00 4.779101646274861054e-08
8.399999999999865352e+00 4.656554565326829628e-08
8.409999999999865139e+00 4.537132431675055852e-08
8.419999999999864926e+00 4.420755757953223544e-08
8.429999999999864713e+00 4.307347067272195323e-08
8.439999999999864500e+00 4.196830842579978452e-08
8.449999999999864286e+00 4.089133477288853292e-08
8.459999999999864073e+00 3.984183227138157392e-08
8.469999999999863860e+00 3.881910163261976590e-08
8.479999999999863647e+00 3.782246126431772060e-08
8.489999999999863434e+00 3.685124682444694862e-08
8.499999999999863221e+00 3.590481078629072755e-08
8.509999999999863007e+00 3.498252201439254179e-08
8.519999999999862794e+00 3.408376535112676540e-08
8.529999999999862581e+00 3.320794121362707574e-08
8.539999999999862368e+00 3.235446520081448418e-08
8.549999999999862155e+00 3.152276771027334912e-08
8.559999999999861942e+00 3.071229356472988385e-08
8.569999999999861728e+00 2.992250164789382624e-08
8.579999999999861515e+00 2.915286454942972057e-08
8.589999999999861302e+00 2.840286821883020148e-08
8.599999999999861089e+00 2.767201162796914864e-08
8.609999999999860876e+00 2.695980644211817302e-08
8.619999999999860663e+00 2.626577669921520912e-08
8.629999999999860449e+00 2.558945849717923201e-08
8.639999999999860236e+00 2.493039968907020673e-08
8.649999999999860023e+00 2.428815958589836067e-08
8.659999999999859810e+00 2.366230866689170012e-08
8.669999999999859597e+00 2.305242829703545360e-08
8.679999999999859384e+00 2.245811045170171695e-08
8.689999999999859170e+00 2.187895744819208832e-08
8.699999999999858957e+00 2.131458168402045539e-08
8.709999999999858744e+00 2.076460538176741821e-08
8.719999999999858531e+00 2.022866034034196038e-08
8.729999999999858318e+00 1.970638769249009413e-08
8.739999999999858105e+00 1.919743766839414547e-08
8.749999999999857891e+00 1.870146936521027625e-08
8.759999999999857678e+00 1.821815052239554591e-08
8.769999999999857465e+00 1.774715730267958100e-08
8.779999999999857252e+00 1.728817407853944083e-08
8.789999999999857039e+00 1.684089322403985128e-08
8.799999999999856826e+00 1.640501491190434342e-08
8.809999999999856612e+00 1.598024691568619565e-08
8.819999999999856399e+00 1.556630441691134331e-08
8.829999999999856186e+00 1.516290981706854360e-08
8.839999999999855973e+00 1.476979255432525640e-08
8.849999999999855760e+00 1.438668892485066469e-08
8.859999999999855547e+00 1.401334190863020622e-08
8.869999999999855333e+00 1.364950099965889343e-08
8.879999999999855120e+00 1.329492204040346750e-08
8.889999999999854907e+00 1.294936706042618419e-08
8.899999999999854694e+00 1.261260411906567572e-08
8.909999999999854481e+00 1.228440715207294863e-08
8.919999999999854268e+00 1.196455582210310369e-08
8.929999999999854055e+00 1.165283537296582911e-08
8.939999999999853841e+00 1.134903648754014498e-08
8.949999999999853628e+00 1.105295514926120814e-08
8.959999999999853415e+00 1.076439250708929256e-08
8.969999999999853202e+00 1.048315474387328248e-08
8.979999999999852989e+00 1.020905294802321714e-08
8.989999999999852776e+00 9.941902988408528953e-09
8.999999999999852562e+00 9.681525392400694553e-09
9.009999999999852349e+00 9.427745226981053278e-09
9.019999999999852136e+00 9.180391982836507897e-09
9.029999999999851923e+00 8.939299461367738188e-09
9.039999999999851710e+00 8.704305664536450597e-09
9.049999999999851497e+00 8.475252687480000322e-09
9.059999999999851283e+00 8.251986613823505640e-09
9.069999999999851070e+00 8.034357413621327855e-09
9.079999999999850857e+00 7.822218843861459532e-09
9.089999999999850644e+00 7.615428351468037889e-09
9.099999999999850431e+00 7.413846978738802459e-09
9.109999999999850218e+00 7.217339271155890269e-09
9.119999999999850004e+00 7.025773187509887093e-09
9.129999999999849791e+00 6.839020012278560471e-09
9.139999999999849578e+00 6.656954270203141960e-09
9.149999999999849365e+00 6.479453643006456259e-09
9.159999999999849152e+00 6.306398888198579582e-09
9.169999999999848939e+00 6.137673759917048841e-09
9.179999999999848725e+00 5.973164931749978257e-09
9.189999999999848512e+00 5.812761921491704809e-09
9.199999999999848299e+00 5.656357017781847005e-09
9.209999999999848086e+00 5.503845208579879922e-09
9.219999999999847873e+00 5.355124111428511468e-09
9.229999999999847660e+00 5.210093905460315330e-09
9.239999999999847446e+00 5.068657265103201811e-09
9.249999999999847233e+00 4.930719295441406293e-09
9.259999999999847020e+00 4.796187469189755351e-09
9.269999999999846807e+00 4.664971565240015258e-09
9.279999999999846594e+00 4.536983608739150858e-09
9.289999999999846381e+00 4.412137812660315411e-09
9.299999999999846167e+00 4.290350520828364739e-09
9.309999999999845954e+00 4.171540152362636999e-09
9.319999999999845741e+00 4.055627147500654243e-09
9.329999999999845528e+00 3.942533914767308509e-09
9.339999999999845315e+00 3.832184779454973682e-09
9.349999999999845102e+00 3.724505933380821435e-09
9.359999999999844889e+00 3.619425385888478210e-09
9.369999999999844675e+00 3.516872916061946810e-09
9.379999999999844462e+00 3.416780026120525194e-09
9.389999999999844249e+00 3.319079895964216033e-09
9.399999999999844036e+00 3.223707338839872539e-09
9.409999999999843823e+00 3.130598758099065935e-09
9.419999999999843610e+00 3.039692105019361862e-09
9.429999999999843396e+00 2.950926837661401020e-09
9.439999999999843183e+00 2.864243880734843622e-09
9.449999999999842970e+00 2.779585586446913005e-09
9.459999999999842757e+00 2.696895696307901191e-09
9.469999999999842544e+00 2.616119303868641465e-09
9.479999999999842331e+00 2.537202818365549876e-09
9.489999999999842117e+00 2.460093929249447189e-09
9.499999999999841904e+00 2.384741571574940245e-09
9.509999999999841691e+00 2.311095892227714544e-09
9.519999999999841478e+00 2.239108216967639488e-09
9.529999999999841265e+00 2.168731018266121707e-09
9.539999999999841052e+00 2.099917883916665034e-09
9.549999999999840838e+00 2.032623486398107777e-09
9.559999999999840625e+00 1.966803552970500050e-09
9.569999999999840412e+00 1.902414836484069945e-09
9.579999999999840199e+00 1.839415086882194236e-09
9.589999999999839986e+00 1.777763023379750052e-09
9.599999999999839773e+00 1.717418307298671692e-09
9.609999999999839559e+00 1.658341515542966845e-09
9.619999999999839346e+00 1.600494114695871694e-09
9.629999999999839133e+00 1.543838435722238766e-09
9.639999999999838920e+00 1.488337649259647220e-09
9.649999999999838707e+00 1.433955741482120845e-09
9.659999999999838494e+00 1.380657490520716454e-09
9.669999999999838280e+00 1.328408443425615112e-09
9.679999999999838067e+00 1.277174893654710297e-09
9.689999999999837854e+00 1.226923859074036205e-09
9.699999999999837641e+00 1.177623060455721816e-09
9.709999999999837428e+00 1.129240900459486421e-09
9.719999999999837215e+00 1.081746443084016743e-09
9.729999999999837001e+00 1.035109393574879318e-09
9.739999999999836788e+00 9.893000787759267875e-10
9.749999999999836575e+00 9.442894279114555980e-10
9.759999999999836362e+00 9.000489537866589144e-10
9.769999999999836149e+00 8.565507343942020474e-10
9.779999999999835936e+00 8.137673949150205821e-10
9.789999999999835723e+00 7.716720901017047392e-10
9.799999999999835509e+00 7.302384870330946843e-10
9.809999999999835296e+00 6.894407482289597596e-10
9.819999999999835083e+00 6.492535151138807987e-10
9.829999999999834870e+00 6.096518918196883682e-10
9.839999999999834657e+00 5.706114293160432477e-10
9.849999999999834444e+00 5.321081098589656985e-10
9.859999999999834230e+00 4.941183317473386533e-10
9.869999999999834017e+00 4.566188943776201671e-10
9.879999999999833804e+00 4.195869835872036443e-10
9.889999999999833591e+00 3.830001572770638125e-10
9.899999999999833378e+00 3.468363313045176984e-10
9.909999999999833165e+00 3.110737656371166998e-10
9.919999999999832951e+00 2.756910507588657096e-10
9.929999999999832738e+00 2.406670943201412282e-10
9.939999999999832525e+00 2.059811080228492511e-10
9.949999999999832312e+00 1.716125947325281193e-10
9.959999999999832099e+00 1.375413358092604676e-10
9.969999999999831886e+00 1.037473786494121599e-10
9.979999999999831672e+00 7.021102443036506920e-11
9.989999999999831459e+00 3.691281605055386241e-11
9.999999999999831246e+00 3.833526257256454424e-12
1.000000000000000000e+01 3.833526256699968667e-12
