0.000000000000000000e+00 5.000000000000000000e-01
1.000000000000000021e-02 4.998221711143696622e-01
2.000000000000000042e-02 4.996623290396558503e-01
2.999999999999999889e-02 4.997931700184502501e-01
4.000000000000000083e-02 4.997922480876818008e-01
5.000000000000000278e-02 4.997303852099320154e-01
6.000000000000000472e-02 4.996351450698058860e-01
7.000000000000000666e-02 4.995149593301694835e-01
8.000000000000000167e-02 4.993728619360979226e-01
8.999999999999999667e-02 4.992101191452478770e-01
9.999999999999999167e-02 4.990273268407701690e-01
1.099999999999999867e-01 4.988247953893882314e-01
1.199999999999999817e-01 4.986027021024263539e-01
1.299999999999999767e-01 4.983611578298794975e-01
1.399999999999999856e-01 4.981002384483381729e-01
1.499999999999999944e-01 4.978200007566444540e-01
1.600000000000000033e-01 4.975204909534283737e-01
1.700000000000000122e-01 4.972017493750165440e-01
1.800000000000000211e-01 4.968638132525972639e-01
1.900000000000000300e-01 4.965067183745214829e-01
2.000000000000000389e-01 4.961305001204683318e-01
2.100000000000000477e-01 4.957351941232533421e-01
2.200000000000000566e-01 4.953208367034069304e-01
2.300000000000000655e-01 4.948874651614526554e-01
2.400000000000000744e-01 4.944351179789787110e-01
2.500000000000000555e-01 4.939638349600138367e-01
2.600000000000000644e-01 4.934736573325836373e-01
2.700000000000000733e-01 4.929646278232424073e-01
2.800000000000000822e-01 4.924367907129711952e-01
2.900000000000000910e-01 4.918901918800385742e-01
3.000000000000000999e-01 4.913248788336145867e-01
3.100000000000001088e-01 4.907409007407417256e-01
3.200000000000001177e-01 4.901383084484736696e-01
3.300000000000001266e-01 4.895171545024569193e-01
3.400000000000001354e-01 4.888774931628603881e-01
3.500000000000001443e-01 4.882193804183034835e-01
3.600000000000001532e-01 4.875428739982513027e-01
3.700000000000001621e-01 4.868480333842180596e-01
3.800000000000001710e-01 4.861349198200278776e-01
3.900000000000001799e-01 4.854035963213142457e-01
4.000000000000001887e-01 4.846541276843910895e-01
4.100000000000001976e-01 4.838865804945919336e-01
4.200000000000002065e-01 4.831010231341464345e-01
4.300000000000002154e-01 4.822975257896431334e-01
4.400000000000002243e-01 4.814761604591126232e-01
4.500000000000002331e-01 4.806370009587526138e-01
4.600000000000002420e-01 4.797801229293082725e-01
4.700000000000002509e-01 4.789056038421136696e-01
4.800000000000002598e-01 4.780135230047950490e-01
4.900000000000002687e-01 4.771039615666329836e-01
5.000000000000002220e-01 4.761770025235762538e-01
5.100000000000002309e-01 4.752327307228984554e-01
5.200000000000002398e-01 4.742712328674863476e-01
5.300000000000002487e-01 4.732925975197472268e-01
5.400000000000002576e-01 4.722969151051213399e-01
5.500000000000002665e-01 4.712842779151849015e-01
5.600000000000002753e-01 4.702547801103280078e-01
5.700000000000002842e-01 4.692085177219920689e-01
5.800000000000002931e-01 4.681455886544499956e-01
5.900000000000003020e-01 4.670660926861132656e-01
6.000000000000003109e-01 4.659701314703489361e-01
6.100000000000003197e-01 4.648578085357904510e-01
6.200000000000003286e-01 4.637292292861256993e-01
6.300000000000003375e-01 4.625845009993459489e-01
6.400000000000003464e-01 4.614237328264397808e-01
6.500000000000003553e-01 4.602470357895159236e-01
6.600000000000003642e-01 4.590545227793397798e-01
6.700000000000003730e-01 4.578463085522682108e-01
6.800000000000003819e-01 4.566225097265677046e-01
6.900000000000003908e-01 4.553832447781020476e-01
7.000000000000003997e-01 4.541286340353746231e-01
7.100000000000004086e-01 4.528587996739128485e-01
7.200000000000004174e-01 4.515738657099812037e-01
7.300000000000004263e-01 4.502739579936104741e-01
7.400000000000004352e-01 4.489592042009313833e-01
7.500000000000004441e-01 4.476297338258014014e-01
7.600000000000004530e-01 4.462856781707137399e-01
7.700000000000004619e-01 4.449271703369788722e-01
7.800000000000004707e-01 4.435543452141686438e-01
7.900000000000004796e-01 4.421673394688143133e-01
8.000000000000004885e-01 4.407662915323508068e-01
8.100000000000004974e-01 4.393513415882990270e-01
8.200000000000005063e-01 4.379226315586800533e-01
8.300000000000005151e-01 4.364803050896548520e-01
8.400000000000005240e-01 4.350245075363843306e-01
8.500000000000005329e-01 4.335553859471052984e-01
8.600000000000005418e-01 4.320730890464180574e-01
8.700000000000005507e-01 4.305777672177832360e-01
8.800000000000005596e-01 4.290695724852248705e-01
8.900000000000005684e-01 4.275486584942386203e-01
9.000000000000005773e-01 4.260151804919044549e-01
9.100000000000005862e-01 4.244692953062033647e-01
9.200000000000005951e-01 4.229111613245393753e-01
9.300000000000006040e-01 4.213409384714683625e-01
9.400000000000006128e-01 4.197587881856357228e-01
9.500000000000006217e-01 4.181648733959268949e-01
9.600000000000006306e-01 4.165593584968337315e-01
9.700000000000006395e-01 4.149424093230422161e-01
9.800000000000006484e-01 4.133141931232467425e-01
9.900000000000006573e-01 4.116748785331977301e-01
1.000000000000000666e+00 4.100246355479890692e-01
1.010000000000000675e+00 4.083636354935937796e-01
1.020000000000000684e+00 4.066920509976566511e-01
1.030000000000000693e+00 4.050100559595528615e-01
1.040000000000000702e+00 4.033178255197233941e-01
1.050000000000000711e+00 4.016155360282974707e-01
1.060000000000000719e+00 3.999033650130144890e-01
1.070000000000000728e+00 3.981814911464573448e-01
1.080000000000000737e+00 3.964500942126105709e-01
1.090000000000000746e+00 3.947093550727567290e-01
1.100000000000000755e+00 3.929594556307264286e-01
1.110000000000000764e+00 3.912005787975160742e-01
1.120000000000000773e+00 3.894329084552901610e-01
1.130000000000000782e+00 3.876566294207841046e-01
1.140000000000000790e+00 3.858719274081248707e-01
1.150000000000000799e+00 3.840789889910872779e-01
1.160000000000000808e+00 3.822780015648041818e-01
1.170000000000000817e+00 3.804691533069493592e-01
1.180000000000000826e+00 3.786526331384130195e-01
1.190000000000000835e+00 3.768286306834890964e-01
1.200000000000000844e+00 3.749973362295958013e-01
1.210000000000000853e+00 3.731589406865497005e-01
1.220000000000000862e+00 3.713136355454151327e-01
1.230000000000000870e+00 3.694616128369506702e-01
1.240000000000000879e+00 3.676030650896753293e-01
1.250000000000000888e+00 3.657381852875765116e-01
1.260000000000000897e+00 3.638671668274836568e-01
1.270000000000000906e+00 3.619902034761304788e-01
1.280000000000000915e+00 3.601074893269295973e-01
1.290000000000000924e+00 3.582192187564837704e-01
1.300000000000000933e+00 3.563255863808580393e-01
1.310000000000000941e+00 3.544267870116373231e-01
1.320000000000000950e+00 3.525230156117941105e-01
1.330000000000000959e+00 3.506144672513916705e-01
1.340000000000000968e+00 3.487013370631473763e-01
1.350000000000000977e+00 3.467838201978818424e-01
1.360000000000000986e+00 3.448621117798791880e-01
1.370000000000000995e+00 3.429364068621837403e-01
1.380000000000001004e+00 3.410069003818591571e-01
1.390000000000001013e+00 3.390737871152350591e-01
1.400000000000001021e+00 3.371372616331670402e-01
1.410000000000001030e+00 3.351975182563357025e-01
1.420000000000001039e+00 3.332547510106101396e-01
1.430000000000001048e+00 3.313091535825011813e-01
1.440000000000001057e+00 3.293609192747302128e-01
1.450000000000001066e+00 3.274102409619383258e-01
1.460000000000001075e+00 3.254573110465613373e-01
1.470000000000001084e+00 3.235023214148950443e-01
1.480000000000001092e+00 3.215454633933761408e-01
1.490000000000001101e+00 3.195869277051028856e-01
1.500000000000001110e+00 3.176269044266196717e-01
1.510000000000001119e+00 3.156655829449899753e-01
1.520000000000001128e+00 3.137031519151810000e-01
1.530000000000001137e+00 3.117397992177834420e-01
1.540000000000001146e+00 3.097757119170897466e-01
1.550000000000001155e+00 3.078110762195531702e-01
1.560000000000001164e+00 3.058460774326504095e-01
1.570000000000001172e+00 3.038808999241692232e-01
1.580000000000001181e+00 3.019157270819431971e-01
1.590000000000001190e+00 2.999507412740540779e-01
1.600000000000001199e+00 2.979861238095230513e-01
1.610000000000001208e+00 2.960220548995103895e-01
1.620000000000001217e+00 2.940587136190437323e-01
1.630000000000001226e+00 2.920962778692940409e-01
1.640000000000001235e+00 2.901349243404177103e-01
1.650000000000001243e+00 2.881748284749832134e-01
1.660000000000001252e+00 2.862161644319998755e-01
1.670000000000001261e+00 2.842591050515657081e-01
1.680000000000001270e+00 2.823038218201507910e-01
1.690000000000001279e+00 2.803504848365322433e-01
1.700000000000001288e+00 2.783992627783961615e-01
1.710000000000001297e+00 2.764503228696208459e-01
1.720000000000001306e+00 2.745038308482558032e-01
1.730000000000001315e+00 2.725599509352100158e-01
1.740000000000001323e+00 2.706188458036621336e-01
1.750000000000001332e+00 2.686806765492049109e-01
1.760000000000001341e+00 2.667456026607358255e-01
1.770000000000001350e+00 2.648137819921041469e-01
1.780000000000001359e+00 2.628853707345255586e-01
1.790000000000001368e+00 2.609605233897734911e-01
1.800000000000001377e+00 2.590393927441565491e-01
1.810000000000001386e+00 2.571221298432899705e-01
1.820000000000001394e+00 2.552088839676694421e-01
1.830000000000001403e+00 2.532998026090539923e-01
1.840000000000001412e+00 2.513950314476642300e-01
1.850000000000001421e+00 2.494947143302022330e-01
1.860000000000001430e+00 2.475989932486978851e-01
1.870000000000001439e+00 2.457080083201860776e-01
1.880000000000001448e+00 2.438218977672189092e-01
1.890000000000001457e+00 2.419407978992159369e-01
1.900000000000001465e+00 2.400648430946550893e-01
1.910000000000001474e+00 2.381941657841062654e-01
1.920000000000001483e+00 2.363288964341088705e-01
1.930000000000001492e+00 2.344691635318941203e-01
1.940000000000001501e+00 2.326150935709521694e-01
1.950000000000001510e+00 2.307668110374437032e-01
1.960000000000001519e+00 2.289244383974547159e-01
1.970000000000001528e+00 2.270880960850931440e-01
1.980000000000001537e+00 2.252579024914247996e-01
1.990000000000001545e+00 2.234339739542462455e-01
2.000000000000001332e+00 2.216164247486908379e-01
2.010000000000001119e+00 2.198053670786645208e-01
2.020000000000000906e+00 2.180009110691066010e-01
2.030000000000000693e+00 2.162031647590708094e-01
2.040000000000000480e+00 2.144122340956213790e-01
2.050000000000000266e+00 2.126282229285377523e-01
2.060000000000000053e+00 2.108512330058222028e-01
2.069999999999999840e+00 2.090813639700028481e-01
2.079999999999999627e+00 2.073187133552253925e-01
2.089999999999999414e+00 2.055633765851253014e-01
2.099999999999999201e+00 2.038154469714726358e-01
2.109999999999998987e+00 2.020750157135808578e-01
2.119999999999998774e+00 2.003421718984704503e-01
2.129999999999998561e+00 1.986170025017783280e-01
2.139999999999998348e+00 1.968995923894030498e-01
2.149999999999998135e+00 1.951900243198758100e-01
2.159999999999997922e+00 1.934883789474469151e-01
2.169999999999997708e+00 1.917947348258767781e-01
2.179999999999997495e+00 1.901091684129205817e-01
2.189999999999997282e+00 1.884317540754951448e-01
2.199999999999997069e+00 1.867625640955164479e-01
2.209999999999996856e+00 1.851016686763957142e-01
2.219999999999996643e+00 1.834491359501821961e-01
2.229999999999996430e+00 1.818050319853400099e-01
2.239999999999996216e+00 1.801694207951466398e-01
2.249999999999996003e+00 1.785423643467000943e-01
2.259999999999995790e+00 1.769239225705218077e-01
2.269999999999995577e+00 1.753141533707422151e-01
2.279999999999995364e+00 1.737131126358553990e-01
2.289999999999995151e+00 1.721208542500294314e-01
2.299999999999994937e+00 1.705374301049590313e-01
2.309999999999994724e+00 1.689628901122462168e-01
2.319999999999994511e+00 1.673972822162957674e-01
2.329999999999994298e+00 1.658406524077109256e-01
2.339999999999994085e+00 1.642930447371757918e-01
2.349999999999993872e+00 1.627545013298099807e-01
2.359999999999993658e+00 1.612250623999816057e-01
2.369999999999993445e+00 1.597047662665641576e-01
2.379999999999993232e+00 1.581936493686234013e-01
2.389999999999993019e+00 1.566917462815196616e-01
2.399999999999992806e+00 1.551990897334115382e-01
2.409999999999992593e+00 1.537157106221466174e-01
2.419999999999992379e+00 1.522416380325251062e-01
2.429999999999992166e+00 1.507768992539221253e-01
2.439999999999991953e+00 1.493215197982544207e-01
2.449999999999991740e+00 1.478755234182776435e-01
2.459999999999991527e+00 1.464389321261998222e-01
2.469999999999991314e+00 1.450117662125972873e-01
2.479999999999991100e+00 1.435940442656190308e-01
2.489999999999990887e+00 1.421857831904659031e-01
2.499999999999990674e+00 1.407869982291305722e-01
2.509999999999990461e+00 1.393977029803850076e-01
2.519999999999990248e+00 1.380179094200017775e-01
2.529999999999990035e+00 1.366476279211959188e-01
2.539999999999989821e+00 1.352868672752740309e-01
2.549999999999989608e+00 1.339356347124776581e-01
2.559999999999989395e+00 1.325939359230078329e-01
2.569999999999989182e+00 1.312617750782181791e-01
2.579999999999988969e+00 1.299391548519636952e-01
2.589999999999988756e+00 1.286260764420929792e-01
2.599999999999988542e+00 1.273225395920714598e-01
2.609999999999988329e+00 1.260285426127235042e-01
2.619999999999988116e+00 1.247440824040815799e-01
2.629999999999987903e+00 1.234691544773304783e-01
2.639999999999987690e+00 1.222037529768352643e-01
2.649999999999987477e+00 1.209478707022414445e-01
2.659999999999987264e+00 1.197014991306362131e-01
2.669999999999987050e+00 1.184646284387597670e-01
2.679999999999986837e+00 1.172372475252559942e-01
2.689999999999986624e+00 1.160193440329518738e-01
2.699999999999986411e+00 1.148109043711553062e-01
2.709999999999986198e+00 1.136119137379611871e-01
2.719999999999985985e+00 1.124223561425559265e-01
2.729999999999985771e+00 1.112422144275104913e-01
2.739999999999985558e+00 1.100714702910527004e-01
2.749999999999985345e+00 1.089101043093094329e-01
2.759999999999985132e+00 1.077580959585096310e-01
2.769999999999984919e+00 1.066154236371394393e-01
2.779999999999984706e+00 1.054820646880407636e-01
2.789999999999984492e+00 1.043579954204450072e-01
2.799999999999984279e+00 1.032431911319336426e-01
2.809999999999984066e+00 1.021376261303179739e-01
2.819999999999983853e+00 1.010412737554301915e-01
2.829999999999983640e+00 9.995410640081836551e-02
2.839999999999983427e+00 9.887609553533810436e-02
2.849999999999983213e+00 9.780721172463388569e-02
2.859999999999983000e+00 9.674742465250324441e-02
2.869999999999982787e+00 9.569670314213730988e-02
2.879999999999982574e+00 9.465501517723126645e-02
2.889999999999982361e+00 9.362232792295868689e-02
2.899999999999982148e+00 9.259860774680382656e-02
2.909999999999981934e+00 9.158382023924613313e-02
2.919999999999981721e+00 9.057793023429158707e-02
2.929999999999981508e+00 8.958090182984550232e-02
2.939999999999981295e+00 8.859269840792188822e-02
2.949999999999981082e+00 8.761328265468441845e-02
2.959999999999980869e+00 8.664261658031439939e-02
2.969999999999980655e+00 8.568066153870132484e-02
2.979999999999980442e+00 8.472737824695183995e-02
2.989999999999980229e+00 8.378272680471299250e-02
2.999999999999980016e+00 8.284666671330606635e-02
3.009999999999979803e+00 8.191915689466719441e-02
3.019999999999979590e+00 8.100015571009151760e-02
3.029999999999979376e+00 8.008962097877747599e-02
3.039999999999979163e+00 7.918750999616823438e-02
3.049999999999978950e+00 7.829377955208735584e-02
3.059999999999978737e+00 7.740838594866596145e-02
3.069999999999978524e+00 7.653128501805897543e-02
3.079999999999978311e+00 7.566243213994792993e-02
3.089999999999978098e+00 7.480178225882830323e-02
3.099999999999977884e+00 7.394928990107922651e-02
3.109999999999977671e+00 7.310490919181385217e-02
3.119999999999977458e+00 7.226859387150853797e-02
3.129999999999977245e+00 7.144029731240944536e-02
3.139999999999977032e+00 7.061997253471503921e-02
3.149999999999976819e+00 6.980757222253333727e-02
3.159999999999976605e+00 6.900304873961279895e-02
3.169999999999976392e+00 6.820635414484585435e-02
3.179999999999976179e+00 6.741744020754435185e-02
3.189999999999975966e+00 6.663625842248620257e-02
3.199999999999975753e+00 6.586276002473263891e-02
3.209999999999975540e+00 6.509689600421576794e-02
3.219999999999975326e+00 6.433861712009601719e-02
3.229999999999975113e+00 6.358787391488944507e-02
3.239999999999974900e+00 6.284461672836479107e-02
3.249999999999974687e+00 6.210879571121029341e-02
3.259999999999974474e+00 6.138036083847051710e-02
3.269999999999974261e+00 6.065926192275352541e-02
3.279999999999974047e+00 5.994544862720867229e-02
3.289999999999973834e+00 5.923887047827559177e-02
3.299999999999973621e+00 5.853947687820498097e-02
3.309999999999973408e+00 5.784721711735184291e-02
3.319999999999973195e+00 5.716204038624195238e-02
3.329999999999972982e+00 5.648389578741247474e-02
3.339999999999972768e+00 5.581273234702766733e-02
3.349999999999972555e+00 5.514849902627068368e-02
3.359999999999972342e+00 5.449114473251260443e-02
3.369999999999972129e+00 5.384061833025995808e-02
3.379999999999971916e+00 5.319686865188190394e-02
3.389999999999971703e+00 5.255984450811847924e-02
3.399999999999971489e+00 5.192949469837131182e-02
3.409999999999971276e+00 5.130576802077827653e-02
3.419999999999971063e+00 5.068861328207358019e-02
3.429999999999970850e+00 5.007797930723496826e-02
3.439999999999970637e+00 4.947381494891960052e-02
3.449999999999970424e+00 4.887606909669038602e-02
3.459999999999970210e+00 4.828469068603447739e-02
3.469999999999969997e+00 4.769962870717576325e-02
3.479999999999969784e+00 4.712083221368319752e-02
3.489999999999969571e+00 4.654825033087685998e-02
3.499999999999969358e+00 4.598183226403371182e-02
3.509999999999969145e+00 4.542152730639498898e-02
3.519999999999968932e+00 4.486728484697723174e-02
3.529999999999968718e+00 4.431905437818909471e-02
3.539999999999968505e+00 4.377678550325588003e-02
3.549999999999968292e+00 4.324042794345401425e-02
3.559999999999968079e+00 4.270993154515754370e-02
3.569999999999967866e+00 4.218524628669884785e-02
3.579999999999967653e+00 4.166632228504574265e-02
3.589999999999967439e+00 4.115310980229717336e-02
3.599999999999967226e+00 4.064555925199974523e-02
3.609999999999967013e+00 4.014362120528734007e-02
3.619999999999966800e+00 3.964724639684605312e-02
3.629999999999966587e+00 3.915638573070677475e-02
3.639999999999966374e+00 3.867099028586765824e-02
3.649999999999966160e+00 3.819101132174881896e-02
3.659999999999965947e+00 3.771640028348155482e-02
3.669999999999965734e+00 3.724710880703439864e-02
3.679999999999965521e+00 3.678308872417836162e-02
3.689999999999965308e+00 3.632429206729367172e-02
3.699999999999965095e+00 3.587067107402033134e-02
3.709999999999964881e+00 3.542217819175488835e-02
3.719999999999964668e+00 3.497876608199566861e-02
3.729999999999964455e+00 3.454038762453890549e-02
3.739999999999964242e+00 3.410699592152803550e-02
3.749999999999964029e+00 3.367854430135850535e-02
3.759999999999963816e+00 3.325498632244042879e-02
3.769999999999963602e+00 3.283627577682143861e-02
3.779999999999963389e+00 3.242236669367198898e-02
3.789999999999963176e+00 3.201321334263548812e-02
3.799999999999962963e+00 3.160877023704552341e-02
3.809999999999962750e+00 3.120899213701248259e-02
3.819999999999962537e+00 3.081383405238184020e-02
3.829999999999962323e+00 3.042325124556641974e-02
3.839999999999962110e+00 3.003719923425483482e-02
3.849999999999961897e+00 2.965563379399841284e-02
3.859999999999961684e+00 2.927851096067880451e-02
3.869999999999961471e+00 2.890578703285849593e-02
3.879999999999961258e+00 2.853741857401644044e-02
3.889999999999961044e+00 2.817336241467101321e-02
3.899999999999960831e+00 2.781357565439242230e-02
3.909999999999960618e+00 2.745801566370677585e-02
3.919999999999960405e+00 2.710664008589391133e-02
3.929999999999960192e+00 2.675940683868114831e-02
3.939999999999959979e+00 2.641627411583501173e-02
3.949999999999959766e+00 2.607720038865306983e-02
3.959999999999959552e+00 2.574214440735790935e-02
3.969999999999959339e+00 2.541106520239532277e-02
3.979999999999959126e+00 2.508392208563870254e-02
3.989999999999958913e+00 2.476067465150168581e-02
3.999999999999958700e+00 2.444128277796100285e-02
4.009999999999958931e+00 2.412570662749150344e-02
4.019999999999958717e+00 2.381390664791530748e-02
4.029999999999958504e+00 2.350584357316699152e-02
4.039999999999958291e+00 2.320147842397672633e-02
4.049999999999958078e+00 2.290077250847321819e-02
4.059999999999957865e+00 2.260368742270832051e-02
4.069999999999957652e+00 2.231018505110515457e-02
4.079999999999957438e+00 2.202022756683153296e-02
4.089999999999957225e+00 2.173377743210047966e-02
4.099999999999957012e+00 2.145079739839961253e-02
4.109999999999956799e+00 2.117125050665111599e-02
4.119999999999956586e+00 2.089510008730403878e-02
4.129999999999956373e+00 2.062230976036058192e-02
4.139999999999956160e+00 2.035284343533808396e-02
4.149999999999955946e+00 2.008666531116831688e-02
4.159999999999955733e+00 1.982373987603573001e-02
4.169999999999955520e+00 1.956403190715624157e-02
4.179999999999955307e+00 1.930750647049815638e-02
4.189999999999955094e+00 1.905412892044674664e-02
4.199999999999954881e+00 1.880386489941404671e-02
4.209999999999954667e+00 1.855668033739535719e-02
4.219999999999954454e+00 1.831254145147392931e-02
4.229999999999954241e+00 1.807141474527531808e-02
4.239999999999954028e+00 1.783326700837280579e-02
4.249999999999953815e+00 1.759806531564533233e-02
4.259999999999953602e+00 1.736577702658931993e-02
4.269999999999953388e+00 1.713636978458574558e-02
4.279999999999953175e+00 1.690981151612382105e-02
4.289999999999952962e+00 1.668607042998258849e-02
4.299999999999952749e+00 1.646511501637173969e-02
4.309999999999952536e+00 1.624691404603293213e-02
4.319999999999952323e+00 1.603143656930285793e-02
4.329999999999952109e+00 1.581865191513929375e-02
4.339999999999951896e+00 1.560852969011133386e-02
4.349999999999951683e+00 1.540103977735502588e-02
4.359999999999951470e+00 1.519615233549553336e-02
4.369999999999951257e+00 1.499383779753699596e-02
4.379999999999951044e+00 1.479406686972120979e-02
4.389999999999950830e+00 1.459681053035622074e-02
4.399999999999950617e+00 1.440204002861591656e-02
4.409999999999950404e+00 1.420972688331168313e-02
4.419999999999950191e+00 1.401984288163715502e-02
4.429999999999949978e+00 1.383236007788709448e-02
4.439999999999949765e+00 1.364725079215138061e-02
4.449999999999949551e+00 1.346448760898510608e-02
4.459999999999949338e+00 1.328404337605572881e-02
4.469999999999949125e+00 1.310589120276822901e-02
4.479999999999948912e+00 1.293000445886918238e-02
4.489999999999948699e+00 1.275635677303065853e-02
4.499999999999948486e+00 1.258492203141482919e-02
4.509999999999948272e+00 1.241567437622014859e-02
4.519999999999948059e+00 1.224858820420995226e-02
4.529999999999947846e+00 1.208363816522429676e-02
4.539999999999947633e+00 1.192079916067586773e-02
4.549999999999947420e+00 1.176004634203072982e-02
4.559999999999947207e+00 1.160135510927470456e-02
4.569999999999946994e+00 1.144470110936613230e-02
4.579999999999946780e+00 1.129006023467575212e-02
4.589999999999946567e+00 1.113740862141444042e-02
4.599999999999946354e+00 1.098672264804949859e-02
4.609999999999946141e+00 1.083797893371018541e-02
4.619999999999945928e+00 1.069115433658318279e-02
4.629999999999945715e+00 1.054622595229862819e-02
4.639999999999945501e+00 1.040317111230738660e-02
4.649999999999945288e+00 1.026196738225016933e-02
4.659999999999945075e+00 1.012259256031912240e-02
4.669999999999944862e+00 9.985024675612479486e-03
4.679999999999944649e+00 9.849241986482869249e-03
4.689999999999944436e+00 9.715222978879832147e-03
4.699999999999944222e+00 9.582946364687122687e-03
4.709999999999944009e+00 9.452391080055315767e-03
4.719999999999943796e+00 9.323536283730263566e-03
4.729999999999943583e+00 9.196361355377906041e-03
4.739999999999943370e+00 9.070845893905934640e-03
4.749999999999943157e+00 8.946969715782801882e-03
4.759999999999942943e+00 8.824712853354550399e-03
4.769999999999942730e+00 8.704055553159924588e-03
4.779999999999942517e+00 8.584978274244200319e-03
4.789999999999942304e+00 8.467461686472194105e-03
4.799999999999942091e+00 8.351486668840859412e-03
4.809999999999941878e+00 8.237034307791879506e-03
4.819999999999941664e+00 8.124085895524683562e-03
4.829999999999941451e+00 8.012622928310243406e-03
4.839999999999941238e+00 7.902627104806055069e-03
4.849999999999941025e+00 7.794080324372663383e-03
4.859999999999940812e+00 7.686964685392087826e-03
4.869999999999940599e+00 7.581262483588496574e-03
4.879999999999940385e+00 7.476956210351464426e-03
4.889999999999940172e+00 7.374028551062147656e-03
4.899999999999939959e+00 7.272462383422678527e-03
4.909999999999939746e+00 7.172240775789102962e-03
4.919999999999939533e+00 7.073346985508143295e-03
4.929999999999939320e+00 6.975764457258081842e-03
4.939999999999939106e+00 6.879476821394044615e-03
4.949999999999938893e+00 6.784467892297949693e-03
4.959999999999938680e+00 6.690721666733383081e-03
4.969999999999938467e+00 6.598222322205652725e-03
4.979999999999938254e+00 6.506954215327269593e-03
4.989999999999938041e+00 6.416901880189080504e-03
4.999999999999937828e+00 6.328050026737290328e-03
5.009999999999937614e+00 6.240383539156585217e-03
5.019999999999937401e+00 6.153887474259569362e-03
5.029999999999937188e+00 6.068547059882724304e-03
5.039999999999936975e+00 5.984347693289077293e-03
5.049999999999936762e+00 5.901274939577772979e-03
5.059999999999936549e+00 5.819314530100731450e-03
5.069999999999936335e+00 5.738452360886562610e-03
5.079999999999936122e+00 5.658674491071910388e-03
5.089999999999935909e+00 5.579967141340376816e-03
5.099999999999935696e+00 5.502316692369194247e-03
5.109999999999935483e+00 5.425709683283783634e-03
5.119999999999935270e+00 5.350132810120345438e-03
5.129999999999935056e+00 5.275572924296615882e-03
5.139999999999934843e+00 5.202017031090916920e-03
5.149999999999934630e+00 5.129452288129633490e-03
5.159999999999934417e+00 5.057866003883219538e-03
5.169999999999934204e+00 4.987245636170862043e-03
5.179999999999933991e+00 4.917578790673897589e-03
5.189999999999933777e+00 4.848853219458089045e-03
5.199999999999933564e+00 4.781056819504860347e-03
5.209999999999933351e+00 4.714177631251575268e-03
5.219999999999933138e+00 4.648203837140949500e-03
5.229999999999932925e+00 4.583123760179682801e-03
5.239999999999932712e+00 4.518925862506377976e-03
5.249999999999932498e+00 4.455598743968827366e-03
5.259999999999932285e+00 4.393131140710731901e-03
5.269999999999932072e+00 4.331511923767914288e-03
5.279999999999931859e+00 4.270730097674092264e-03
5.289999999999931646e+00 4.210774799076258748e-03
5.299999999999931433e+00 4.151635295359727001e-03
5.309999999999931219e+00 4.093300983282881569e-03
5.319999999999931006e+00 4.035761387621687041e-03
5.329999999999930793e+00 3.979006159823984118e-03
5.339999999999930580e+00 3.923025076673619833e-03
5.349999999999930367e+00 3.867808038964433599e-03
5.359999999999930154e+00 3.813345070184138985e-03
5.369999999999929940e+00 3.759626315208118141e-03
5.379999999999929727e+00 3.706642039003156183e-03
5.389999999999929514e+00 3.654382625341134200e-03
5.399999999999929301e+00 3.602838575522697342e-03
5.409999999999929088e+00 3.552000507110909724e-03
5.419999999999928875e+00 3.501859152674909569e-03
5.429999999999928662e+00 3.452405358543568503e-03
5.439999999999928448e+00 3.403630083569164112e-03
5.449999999999928235e+00 3.355524397901064881e-03
5.459999999999928022e+00 3.308079481769428832e-03
5.469999999999927809e+00 3.261286624278911077e-03
5.479999999999927596e+00 3.215137222212379863e-03
5.489999999999927383e+00 3.169622778844626357e-03
5.499999999999927169e+00 3.124734902766065567e-03
5.509999999999926956e+00 3.080465306716411063e-03
5.519999999999926743e+00 3.036805806428312642e-03
5.529999999999926530e+00 2.993748319480938735e-03
5.539999999999926317e+00 2.951284864163485760e-03
5.549999999999926104e+00 2.909407558348594929e-03
5.559999999999925890e+00 2.868108618375655224e-03
5.569999999999925677e+00 2.827380357943965264e-03
5.579999999999925464e+00 2.787215187015731899e-03
5.589999999999925251e+00 2.747605610728876945e-03
5.599999999999925038e+00 2.708544228319622552e-03
5.609999999999924825e+00 2.670023732054827448e-03
5.619999999999924611e+00 2.632036906174035906e-03
5.629999999999924398e+00 2.594576625841213402e-03
5.639999999999924185e+00 2.557635856106129941e-03
5.649999999999923972e+00 2.521207650875352882e-03
5.659999999999923759e+00 2.485285151892816739e-03
5.669999999999923546e+00 2.449861587729927452e-03
5.679999999999923332e+00 2.414930272785161241e-03
5.689999999999923119e+00 2.380484606293118560e-03
5.699999999999922906e+00 2.346518071342989370e-03
5.709999999999922693e+00 2.313024233906385910e-03
5.719999999999922480e+00 2.279996741874500046e-03
5.729999999999922267e+00 2.247429324104538353e-03
5.739999999999922053e+00 2.215315789475388528e-03
5.749999999999921840e+00 2.183650025952471162e-03
5.759999999999921627e+00 2.152425999661725271e-03
5.769999999999921414e+00 2.121637753972685069e-03
5.779999999999921201e+00 2.091279408590588588e-03
5.789999999999920988e+00 2.061345158657477365e-03
5.799999999999920774e+00 2.031829273862229088e-03
5.809999999999920561e+00 2.002726097559473766e-03
5.819999999999920348e+00 1.974030045897340064e-03
5.829999999999920135e+00 1.945735606953980217e-03
5.839999999999919922e+00 1.917837339882817130e-03
5.849999999999919709e+00 1.890329874066460107e-03
5.859999999999919496e+00 1.863207908279235648e-03
5.869999999999919282e+00 1.836466209858276079e-03
5.879999999999919069e+00 1.810099613883111138e-03
5.889999999999918856e+00 1.784103022363705280e-03
5.899999999999918643e+00 1.758471403436885194e-03
5.909999999999918430e+00 1.733199790571099625e-03
5.919999999999918217e+00 1.708283281779453397e-03
5.929999999999918003e+00 1.683717038840959468e-03
5.939999999999917790e+00 1.659496286529949611e-03
5.949999999999917577e+00 1.635616311853585383e-03
5.959999999999917364e+00 1.612072463297411704e-03
5.969999999999917151e+00 1.588860150078893205e-03
5.979999999999916938e+00 1.565974841408874791e-03
5.989999999999916724e+00 1.543412065760906351e-03
5.999999999999916511e+00 1.521167410148373516e-03
6.009999999999916298e+00 1.499236519409373513e-03
6.019999999999916085e+00 1.477615095499278022e-03
6.029999999999915872e+00 1.456298896790920571e-03
6.039999999999915659e+00 1.435283737382351881e-03
6.049999999999915445e+00 1.414565486412100491e-03
6.059999999999915232e+00 1.394140067381879899e-03
6.069999999999915019e+00 1.374003457486682161e-03
6.079999999999914806e+00 1.354151686952197219e-03
6.089999999999914593e+00 1.334580838379498128e-03
6.099999999999914380e+00 1.315287046096932965e-03
6.109999999999914166e+00 1.296266495519161855e-03
6.119999999999913953e+00 1.277515422513280556e-03
6.129999999999913740e+00 1.259030112771969022e-03
6.139999999999913527e+00 1.240806901193607266e-03
6.149999999999913314e+00 1.222842171269296514e-03
6.159999999999913101e+00 1.205132354476727086e-03
6.169999999999912887e+00 1.187673929680833386e-03
6.179999999999912674e+00 1.170463422541177020e-03
6.189999999999912461e+00 1.153497404925996886e-03
6.199999999999912248e+00 1.136772494332868562e-03
6.209999999999912035e+00 1.120285353315914230e-03
6.219999999999911822e+00 1.104032688919503492e-03
6.229999999999911608e+00 1.088011252118385687e-03
6.239999999999911395e+00 1.072217837264197084e-03
6.249999999999911182e+00 1.056649281538282921e-03
6.259999999999910969e+00 1.041302464410777222e-03
6.269999999999910756e+00 1.026174307105881664e-03
6.279999999999910543e+00 1.011261772073286875e-03
6.289999999999910330e+00 9.965618624656774095e-04
6.299999999999910116e+00 9.820716216222644557e-04
6.309999999999909903e+00 9.677881325582876138e-04
6.319999999999909690e+00 9.537085174604318684e-04
6.329999999999909477e+00 9.398299371880994681e-04
6.339999999999909264e+00 9.261495907804842380e-04
6.349999999999909051e+00 9.126647149693895619e-04
6.359999999999908837e+00 8.993725836977359321e-04
6.369999999999908624e+00 8.862705076437022312e-04
6.379999999999908411e+00 8.733558337504457748e-04
6.389999999999908198e+00 8.606259447613459320e-04
6.399999999999907985e+00 8.480782587607174367e-04
6.409999999999907772e+00 8.357102287199383132e-04
6.419999999999907558e+00 8.235193420489400487e-04
6.429999999999907345e+00 8.115031201530042851e-04
6.439999999999907132e+00 7.996591179948149639e-04
6.449999999999906919e+00 7.879849236617112807e-04
6.459999999999906706e+00 7.764781579380899490e-04
6.469999999999906493e+00 7.651364738829037572e-04
6.479999999999906279e+00 7.539575564122047002e-04
6.489999999999906066e+00 7.429391218866805138e-04
6.499999999999905853e+00 7.320789177041324598e-04
6.509999999999905640e+00 7.213747218968440556e-04
6.519999999999905427e+00 7.108243427337898991e-04
6.529999999999905214e+00 7.004256183276342824e-04
6.539999999999905000e+00 6.901764162464699365e-04
6.549999999999904787e+00 6.800746331302469274e-04
6.559999999999904574e+00 6.701181943118426953e-04
6.569999999999904361e+00 6.603050534427246663e-04
6.579999999999904148e+00 6.506331921231561051e-04
6.589999999999903935e+00 6.411006195368981536e-04
6.599999999999903721e+00 6.317053720903590503e-04
6.609999999999903508e+00 6.224455130561440180e-04
6.619999999999903295e+00 6.133191322209585478e-04
6.629999999999903082e+00 6.043243455378178100e-04
6.639999999999902869e+00 5.954592947825163279e-04
6.649999999999902656e+00 5.867221472143119461e-04
6.659999999999902442e+00 5.781110952407781224e-04
6.669999999999902229e+00 5.696243560867795489e-04
6.679999999999902016e+00 5.612601714675259992e-04
6.689999999999901803e+00 5.530168072656596254e-04
6.699999999999901590e+00 5.448925532123323348e-04
6.709999999999901377e+00 5.368857225722283629e-04
6.719999999999901164e+00 5.289946518324893220e-04
6.729999999999900950e+00 5.212177003954982521e-04
6.739999999999900737e+00 5.135532502754801710e-04
6.749999999999900524e+00 5.059997057988764070e-04
6.759999999999900311e+00 4.985554933084509728e-04
6.769999999999900098e+00 4.912190608710874547e-04
6.779999999999899885e+00 4.839888779892345672e-04
6.789999999999899671e+00 4.768634353159600958e-04
6.799999999999899458e+00 4.698412443735720269e-04
6.809999999999899245e+00 4.629208372757672384e-04
6.819999999999899032e+00 4.561007664532674174e-04
6.829999999999898819e+00 4.493796043829028503e-04
6.839999999999898606e+00 4.427559433201051602e-04
6.849999999999898392e+00 4.362283950347698542e-04
6.859999999999898179e+00 4.297955905504503523e-04
6.869999999999897966e+00 4.234561798868457139e-04
6.879999999999897753e+00 4.172088318055437359e-04
6.889999999999897540e+00 4.110522335589823968e-04
6.899999999999897327e+00 4.049850906425929453e-04
6.909999999999897113e+00 3.990061265500870137e-04
6.919999999999896900e+00 3.931140825318524094e-04
6.929999999999896687e+00 3.873077173564209931e-04
6.939999999999896474e+00 3.815858070749730282e-04
6.949999999999896261e+00 3.759471447888429268e-04
6.959999999999896048e+00 3.703905404199912647e-04
6.969999999999895834e+00 3.649148204844084248e-04
6.979999999999895621e+00 3.595188278684154993e-04
6.989999999999895408e+00 3.542014216078287871e-04
6.999999999999895195e+00 3.489614766699538424e-04
7.009999999999894982e+00 3.437978837383759510e-04
7.019999999999894769e+00 3.387095490005143463e-04
7.029999999999894555e+00 3.336953939379068272e-04
7.039999999999894342e+00 3.287543551191932784e-04
7.049999999999894129e+00 3.238853839957655709e-04
7.059999999999893916e+00 3.190874467000520188e-04
7.069999999999893703e+00 3.143595238464057641e-04
7.079999999999893490e+00 3.097006103345653237e-04
7.089999999999893276e+00 3.051097151556569388e-04
7.099999999999893063e+00 3.005858612007082089e-04
7.109999999999892850e+00 2.961280850716428671e-04
7.119999999999892637e+00 2.917354368947273164e-04
7.129999999999892424e+00 2.874069801364386237e-04
7.139999999999892211e+00 2.831417914217257263e-04
7.149999999999891998e+00 2.789389603546344170e-04
7.159999999999891784e+00 2.747975893412675378e-04
7.169999999999891571e+00 2.707167934150524636e-04
7.179999999999891358e+00 2.666957000642876342e-04
7.189999999999891145e+00 2.627334490619405395e-04
7.199999999999890932e+00 2.588291922976696750e-04
7.209999999999890719e+00 2.549820936120435243e-04
7.219999999999890505e+00 2.511913286329298979e-04
7.229999999999890292e+00 2.474560846140285222e-04
7.239999999999890079e+00 2.437755602755215369e-04
7.249999999999889866e+00 2.401489656468150109e-04
7.259999999999889653e+00 2.365755219113465692e-04
7.269999999999889440e+00 2.330544612534334059e-04
7.279999999999889226e+00 2.295850267071353960e-04
7.289999999999889013e+00 2.261664720071089650e-04
7.299999999999888800e+00 2.227980614414265894e-04
7.309999999999888587e+00 2.194790697063380498e-04
7.319999999999888374e+00 2.162087817629491221e-04
7.329999999999888161e+00 2.129864926957942075e-04
7.339999999999887947e+00 2.098115075732790488e-04
7.349999999999887734e+00 2.066831413099706283e-04
7.359999999999887521e+00 2.036007185307110202e-04
7.369999999999887308e+00 2.005635734365326169e-04
7.379999999999887095e+00 1.975710496723520702e-04
7.389999999999886882e+00 1.946225001964209931e-04
7.399999999999886668e+00 1.917172871515111137e-04
7.409999999999886455e+00 1.888547817378123867e-04
7.419999999999886242e+00 1.860343640875225697e-04
7.429999999999886029e+00 1.832554231411067682e-04
7.439999999999885816e+00 1.805173565252063503e-04
7.449999999999885603e+00 1.778195704321760629e-04
7.459999999999885389e+00 1.751614795012290996e-04
7.469999999999885176e+00 1.725425067011696859e-04
7.479999999999884963e+00 1.699620832146931217e-04
7.489999999999884750e+00 1.674196483242335770e-04
7.499999999999884537e+00 1.649146492993398534e-04
7.509999999999884324e+00 1.624465412855598137e-04
7.519999999999884110e+00 1.600147871948143414e-04
7.529999999999883897e+00 1.576188575972418862e-04
7.539999999999883684e+00 1.552582306144948635e-04
7.549999999999883471e+00 1.529323918144693433e-04
7.559999999999883258e+00 1.506408341074498927e-04
7.569999999999883045e+00 1.483830576436513866e-04
7.579999999999882832e+00 1.461585697121398964e-04
7.589999999999882618e+00 1.439668846411151196e-04
7.599999999999882405e+00 1.418075236995368132e-04
7.609999999999882192e+00 1.396800150000781018e-04
7.619999999999881979e+00 1.375838934033883653e-04
7.629999999999881766e+00 1.355187004236492281e-04
7.639999999999881553e+00 1.334839841354066540e-04
7.649999999999881339e+00 1.314792990816630468e-04
7.659999999999881126e+00 1.295042061832127681e-04
7.669999999999880913e+00 1.275582726492053784e-04
7.679999999999880700e+00 1.256410718889202846e-04
7.689999999999880487e+00 1.237521834247376420e-04
7.699999999999880274e+00 1.218911928062895860e-04
7.709999999999880060e+00 1.200576915257767110e-04
7.719999999999879847e+00 1.182512769344346839e-04
7.729999999999879634e+00 1.164715521601358952e-04
7.739999999999879421e+00 1.147181260261115657e-04
7.749999999999879208e+00 1.129906129707796444e-04
7.759999999999878995e+00 1.112886329686640642e-04
7.769999999999878781e+00 1.096118114523911795e-04
7.779999999999878568e+00 1.079597792357493187e-04
7.789999999999878355e+00 1.063321724377975456e-04
7.799999999999878142e+00 1.047286324080098750e-04
7.809999999999877929e+00 1.031488056524414572e-04
7.819999999999877716e+00 1.015923437609033005e-04
7.829999999999877502e+00 1.000589033351323057e-04
7.839999999999877289e+00 9.854814591794354612e-05
7.849999999999877076e+00 9.705973792335193342e-05
7.859999999999876863e+00 9.559335056765042070e-05
7.869999999999876650e+00 9.414865980143227449e-05
7.879999999999876437e+00 9.272534624254485263e-05
7.889999999999876223e+00 9.132309510996273149e-05
7.899999999999876010e+00 8.994159615856795788e-05
7.909999999999875797e+00 8.858054361482544552e-05
7.919999999999875584e+00 8.723963611334172518e-05
7.929999999999875371e+00 8.591857663429537976e-05
7.939999999999875158e+00 8.461707244172748216e-05
7.949999999999874944e+00 8.333483502268082793e-05
7.959999999999874731e+00 8.207158002717652426e-05
7.969999999999874518e+00 8.082702720901697156e-05
7.979999999999874305e+00 7.960090036740409720e-05
7.989999999999874092e+00 7.839292728936212156e-05
7.999999999999873879e+00 7.720283969295410902e-05
8.009999999999873666e+00 7.603037317128170610e-05
8.019999999999873452e+00 7.487526713725760395e-05
8.029999999999873239e+00 7.373726476914049311e-05
8.039999999999873026e+00 7.261611295682225133e-05
8.049999999999872813e+00 7.151156224885734910e-05
8.059999999999872600e+00 7.042336680022445749e-05
8.069999999999872387e+00 6.935128432081064977e-05
8.079999999999872173e+00 6.829507602460824895e-05
8.089999999999871960e+00 6.725450657961498386e-05
8.099999999999871747e+00 6.622934405842789902e-05
8.109999999999871534e+00 6.521935988952170778e-05
8.119999999999871321e+00 6.422432880920245441e-05
8.129999999999871108e+00 6.324402881422732346e-05
8.139999999999870894e+00 6.227824111508161126e-05
8.149999999999870681e+00 6.132675008990411797e-05
8.159999999999870468e+00 6.038934323905210385e-05
8.169999999999870255e+00 5.946581114029720363e-05
8.179999999999870042e+00 5.855594740464378144e-05
8.189999999999869829e+00 5.765954863276136422e-05
8.199999999999869615e+00 5.677641437202273091e-05
8.209999999999869402e+00 5.590634707413957307e-05
8.219999999999869189e+00 5.504915205338754825e-05
8.229999999999868976e+00 5.420463744541276381e-05
8.239999999999868763e+00 5.337261416661183086e-05
8.249999999999868550e+00 5.255289587407763446e-05
8.259999999999868336e+00 5.174529892610315636e-05
8.269999999999868123e+00 5.094964234323581483e-05
8.279999999999867910e+00 5.016574776987471206e-05
8.289999999999867697e+00 4.939343943640351795e-05
8.299999999999867484e+00 4.863254412185158415e-05
8.309999999999867271e+00 4.788289111707615261e-05
8.319999999999867057e+00 4.714431218845850316e-05
8.329999999999866844e+00 4.641664154210702655e-05
8.339999999999866631e+00 4.569971578856029092e-05
8.349999999999866418e+00 4.499337390798329144e-05
8.359999999999866205e+00 4.429745721585004600e-05
8.369999999999865992e+00 4.361180932910596386e-05
8.379999999999865778e+00 4.293627613280334666e-05
8.389999999999865565e+00 4.227070574720355705e-05
8.399999999999865352e+00 4.161494849533940412e-05
8.409999999999865139e+00 4.096885687103149097e-05
8.419999999999864926e+00 4.033228550735218202e-05
8.429999999999864713e+00 3.970509114553112516e-05
8.439999999999864500e+00 3.908713260429616234e-05
8.449999999999864286e+00 3.847827074964367241e-05
8.459999999999864073e+00 3.787836846503242358e-05
8.469999999999863860e+00 3.728729062199502673e-05
8.479999999999863647e+00 3.670490405116131092e-05
8.489999999999863434e+00 3.613107751368784117e-05
8.499999999999863221e+00 3.556568167308797428e-05
8.509999999999863007e+00 3.500858906745697084e-05
8.519999999999862794e+00 3.445967408208657986e-05
8.529999999999862581e+00 3.391881292246375610e-05
8.539999999999862368e+00 3.338588358764819095e-05
8.549999999999862155e+00 3.286076584402333734e-05
8.559999999999861942e+00 3.234334119941576532e-05
8.569999999999861728e+00 3.183349287757774562e-05
8.579999999999861515e+00 3.133110579302794522e-05
8.589999999999861302e+00 3.083606652624528821e-05
8.599999999999861089e+00 3.034826329921102173e-05
8.609999999999860876e+00 2.986758595129417252e-05
8.619999999999860663e+00 2.939392591547554547e-05
8.629999999999860449e+00 2.892717619490554814e-05
8.639999999999860236e+00 2.846723133979117221e-05
8.649999999999860023e+00 2.801398742460752751e-05
8.659999999999859810e+00 2.756734202562936134e-05
8.669999999999859597e+00 2.712719419877808065e-05
8.679999999999859384e+00 2.669344445777984534e-05
8.689999999999859170e+00 2.626599475263036889e-05
8.699999999999858957e+00 2.584474844836210961e-05
8.709999999999858744e+00 2.542961030410957358e-05
8.719999999999858531e+00 2.502048645246855827e-05
8.729999999999858318e+00 2.461728437914517632e-05
8.739999999999858105e+00 2.421991290289057000e-05
8.749999999999857891e+00 2.382828215571728439e-05
8.759999999999857678e+00 2.344230356339330483e-05
8.769999999999857465e+00 2.306188982620984855e-05
8.779999999999857252e+00 2.268695490001901429e-05
8.789999999999857039e+00 2.231741397753747138e-05
8.799999999999856826e+00 2.195318346991240716e-05
8.809999999999856612e+00 2.159418098854601939e-05
8.819999999999856399e+00 2.124032532717486045e-05
8.829999999999856186e+00 2.089153644420042521e-05
8.839999999999855973e+00 2.054773544526737394e-05
8.849999999999855760e+00 2.020884456608589724e-05
8.859999999999855547e+00 1.987478715549471293e-05
8.869999999999855333e+00 1.954548765876124906e-05
8.879999999999855120e+00 1.922087160111564865e-05
8.889999999999854907e+00 1.890086557151522166e-05
8.899999999999854694e+00 1.858539720663605758e-05
8.909999999999854481e+00 1.827439517508853259e-05
8.919999999999854268e+00 1.796778916185348915e-05
8.929999999999854055e+00 1.766550985293593355e-05
8.939999999999853841e+00 1.736748892023309731e-05
8.949999999999853628e+00 1.707365900661379253e-05
8.959999999999853415e+00 1.678395371120599847e-05
8.969999999999853202e+00 1.649830757488968087e-05
8.979999999999852989e+00 1.621665606599186909e-05
8.989999999999852776e+00 1.593893556618106730e-05
8.999999999999852562e+00 1.566508335655811629e-05
9.009999999999852349e+00 1.539503760394063614e-05
9.019999999999852136e+00 1.512873734733824963e-05
9.029999999999851923e+00 1.486612248461581973e-05
9.039999999999851710e+00 1.460713375934194004e-05
9.049999999999851497e+00 1.435171274781999304e-05
9.059999999999851283e+00 1.409980184629909433e-05
9.069999999999851070e+00 1.385134425836231589e-05
9.079999999999850857e+00 1.360628398248956068e-05
9.089999999999850644e+00 1.336456579979255098e-05
9.099999999999850431e+00 1.312613526191939444e-05
9.109999999999850218e+00 1.289093867912622561e-05
9.119999999999850004e+00 1.265892310851347858e-05
9.129999999999849791e+00 1.243003634242434096e-05
9.139999999999849578e+00 1.220422689700301758e-05
9.149999999999849365e+00 1.198144400091040850e-05
9.159999999999849152e+00 1.176163758419489565e-05
9.169999999999848939e+00 1.154475826731592074e-05
9.179999999999848725e+00 1.133075735031808425e-05
9.189999999999848512e+00 1.111958680215352430e-05
9.199999999999848299e+00 1.091119925015035963e-05
9.209999999999848086e+00 1.070554796962501638e-05
9.219999999999847873e+00 1.050258687363628539e-05
9.229999999999847660e+00 1.030227050287897918e-05
9.239999999999847446e+00 1.010455401571508760e-05
9.249999999999847233e+00 9.909393178340372536e-06
9.259999999999847020e+00 9.716744355084343024e-06
9.269999999999846807e+00 9.526564498841605318e-06
9.279999999999846594e+00 9.338811141632593772e-06
9.289999999999846381e+00 9.153442385291710751e-06
9.299999999999846167e+00 8.970416892280956157e-06
9.309999999999845954e+00 8.789693876627103502e-06
9.319999999999845741e+00 8.611233094980564102e-06
9.329999999999845528e+00 8.434994837794055627e-06
9.339999999999845315e+00 8.260939920619242007e-06
9.349999999999845102e+00 8.089029675519533738e-06
9.359999999999844889e+00 7.919225942597241029e-06
9.369999999999844675e+00 7.751491061633326428e-06
9.379999999999844462e+00 7.585787863838011184e-06
9.389999999999844249e+00 7.422079663710493011e-06
9.399999999999844036e+00 7.260330251006097275e-06
9.409999999999843823e+00 7.100503882809164997e-06
9.419999999999843610e+00 6.942565275710029347e-06
9.429999999999843396e+00 6.786479598084442464e-06
9.439999999999843183e+00 6.632212462473831394e-06
9.449999999999842970e+00 6.479729918064794932e-06
9.459999999999842757e+00 6.328998443266265076e-06
9.469999999999842544e+00 6.179984938382775367e-06
9.479999999999842331e+00 6.032656718382303849e-06
9.489999999999842117e+00 5.886981505757177003e-06
9.499999999999841904e+00 5.742927423476533699e-06
9.509999999999841691e+00 5.600462988028877037e-06
9.519999999999841478e+00 5.459557102553252091e-06
9.529999999999841265e+00 5.320179050057606214e-06
9.539999999999841052e+00 5.182298486722920740e-06
9.549999999999840838e+00 5.045885435291695322e-06
9.559999999999840625e+00 4.910910278539405062e-06
9.569999999999840412e+00 4.777343752827564193e-06
9.579999999999840199e+00 4.645156941737034271e-06
9.589999999999839986e+00 4.514321269780247884e-06
9.599999999999839773e+00 4.384808496191023126e-06
9.609999999999839559e+00 4.256590708790669471e-06
9.619999999999839346e+00 4.129640317929095039e-06
9.629999999999839133e+00 4.003930050499642987e-06
9.639999999999838920e+00 3.879432944026400895e-06
9.649999999999838707e+00 3.756122340822741377e-06
9.659999999999838494e+00 3.633971882219868709e-06
9.669999999999838280e+00 3.512955502864158492e-06
9.679999999999838067e+00 3.393047425082092675e-06
9.689999999999837854e+00 3.274222153311608308e-06
9.699999999999837641e+00 3.156454468598689431e-06
9.709999999999837428e+00 3.039719423158048866e-06
9.719999999999837215e+00 2.923992334996754295e-06
9.729999999999837001e+00 2.809248782599676312e-06
9.739999999999836788e+00 2.695464599675636126e-06
9.749999999999836575e+00 2.582615869963157271e-06
9.759999999999836362e+00 2.470678922094724859e-06
9.769999999999836149e+00 2.359630324518481703e-06
9.779999999999835936e+00 2.249446880476291100e-06
9.789999999999835723e+00 2.140105623037117217e-06
9.799999999999835509e+00 2.031583810184678264e-06
9.809999999999835296e+00 1.923858919958345007e-06
9.819999999999835083e+00 1.816908645646267547e-06
9.829999999999834870e+00 1.710710891029721115e-06
9.839999999999834657e+00 1.605243765677676695e-06
9.849999999999834444e+00 1.500485580290610511e-06
9.859999999999834230e+00 1.396414842092578514e-06
9.869999999999834017e+00 1.293010250270592579e-06
9.879999999999833804e+00 1.190250691460342527e-06
9.889999999999833591e+00 1.088115235277323992e-06
9.899999999999833378e+00 9.865831298924340246e-07
9.909999999999833165e+00 8.856337976511146825e-07
9.919999999999832951e+00 7.852468307351268279e-07
9.929999999999832738e+00 6.854019868660507833e-07
9.939999999999832525e+00 5.860791850496172571e-07
9.949999999999832312e+00 4.872585013599815899e-07
9.959999999999832099e+00 3.889201647630628427e-07
9.969999999999831886e+00 2.910445529780786182e-07
9.979999999999831672e+00 1.936121883764139183e-07
9.989999999999831459e+00 9.660373391697149844e-08
9.999999999999831246e+00 -1.088284102344172732e-14
1.000000000000000000e+01 -1.088446794193468957e-14
