0.000000000000000000e+00 2.999999999999999889e-01
1.000000000000000021e-02 2.999941247489575913e-01
2.000000000000000042e-02 2.999899904326421840e-01
2.999999999999999889e-02 2.999809169652589702e-01
4.000000000000000083e-02 2.999675731447483673e-01
5.000000000000000278e-02 2.999501691267506542e-01
6.000000000000000472e-02 2.999287779771475093e-01
7.000000000000000666e-02 2.999034319411872374e-01
8.000000000000000167e-02 2.998741479258554832e-01
8.999999999999999667e-02 2.998409361087108760e-01
9.999999999999999167e-02 2.998038033973575711e-01
1.099999999999999867e-01 2.997627550049529743e-01
1.199999999999999817e-01 2.997177952386168021e-01
1.299999999999999767e-01 2.996689279240662973e-01
1.399999999999999856e-01 2.996161566482202776e-01
1.499999999999999944e-01 2.995594849046680497e-01
1.600000000000000033e-01 2.994989161844758829e-01
1.700000000000000122e-01 2.994344540348247152e-01
1.800000000000000211e-01 2.993661020979785370e-01
1.900000000000000300e-01 2.992938641378213305e-01
2.000000000000000389e-01 2.992177440583060344e-01
2.100000000000000477e-01 2.991377459165036612e-01
2.200000000000000566e-01 2.990538739319646977e-01
2.300000000000000655e-01 2.989661324935082853e-01
2.400000000000000744e-01 2.988745261641835294e-01
2.500000000000000555e-01 2.987790596849089209e-01
2.600000000000000644e-01 2.986797379771403693e-01
2.700000000000000733e-01 2.985765661448143704e-01
2.800000000000000822e-01 2.984695494757422796e-01
2.900000000000000910e-01 2.983586934425837001e-01
3.000000000000000999e-01 2.982440037034922442e-01
3.100000000000001088e-01 2.981254861025034453e-01
3.200000000000001177e-01 2.980031466697165010e-01
3.300000000000001266e-01 2.978769916213100388e-01
3.400000000000001354e-01 2.977470273594216010e-01
3.500000000000001443e-01 2.976132604719144426e-01
3.600000000000001532e-01 2.974756977320498486e-01
3.700000000000001621e-01 2.973343460980793496e-01
3.800000000000001710e-01 2.971892127127679917e-01
3.900000000000001799e-01 2.970403049028578213e-01
4.000000000000001887e-01 2.968876301784788008e-01
4.100000000000001976e-01 2.967311962325129282e-01
4.200000000000002065e-01 2.965710109399166128e-01
4.300000000000002154e-01 2.964070823570049140e-01
4.400000000000002243e-01 2.962394187207009755e-01
4.500000000000002331e-01 2.960680284477536506e-01
4.600000000000002420e-01 2.958929201339250969e-01
4.700000000000002509e-01 2.957141025531503931e-01
4.800000000000002598e-01 2.955315846566712312e-01
4.900000000000002687e-01 2.953453755721441865e-01
5.000000000000002220e-01 2.951554846027257817e-01
5.100000000000002309e-01 2.949619212261344603e-01
5.200000000000002398e-01 2.947646950936910759e-01
5.300000000000002487e-01 2.945638160293380658e-01
5.400000000000002576e-01 2.943592940286386961e-01
5.500000000000002665e-01 2.941511392577564332e-01
5.600000000000002753e-01 2.939393620524152206e-01
5.700000000000002842e-01 2.937239729168413249e-01
5.800000000000002931e-01 2.935049825226871412e-01
5.900000000000003020e-01 2.932824017079370127e-01
6.000000000000003109e-01 2.930562414757963419e-01
6.100000000000003197e-01 2.928265129935634370e-01
6.200000000000003286e-01 2.925932275914850389e-01
6.300000000000003375e-01 2.923563967615958048e-01
6.400000000000003464e-01 2.921160321565416385e-01
6.500000000000003553e-01 2.918721455883880878e-01
6.600000000000003642e-01 2.916247490274129217e-01
6.700000000000003730e-01 2.913738546008843855e-01
6.800000000000003819e-01 2.911194745918244675e-01
6.900000000000003908e-01 2.908616214377580111e-01
7.000000000000003997e-01 2.906003077294477266e-01
7.100000000000004086e-01 2.903355462096154360e-01
7.200000000000004174e-01 2.900673497716499405e-01
7.300000000000004263e-01 2.897957314583013422e-01
7.400000000000004352e-01 2.895207044603626545e-01
7.500000000000004441e-01 2.892422821153386447e-01
7.600000000000004530e-01 2.889604779061021311e-01
7.700000000000004619e-01 2.886753054595380674e-01
7.800000000000004707e-01 2.883867785451757482e-01
7.900000000000004796e-01 2.880949110738091345e-01
8.000000000000004885e-01 2.877997170961060225e-01
8.100000000000004974e-01 2.875012108012057754e-01
8.200000000000005063e-01 2.871994065153061215e-01
8.300000000000005151e-01 2.868943187002392925e-01
8.400000000000005240e-01 2.865859619520377821e-01
8.500000000000005329e-01 2.862743509994897795e-01
8.600000000000005418e-01 2.859595007026847768e-01
8.700000000000005507e-01 2.856414260515492964e-01
8.800000000000005596e-01 2.853201421643734026e-01
8.900000000000005684e-01 2.849956642863278322e-01
9.000000000000005773e-01 2.846680077879721327e-01
9.100000000000005862e-01 2.843371881637544174e-01
9.200000000000005951e-01 2.840032210305022398e-01
9.300000000000006040e-01 2.836661221259056398e-01
9.400000000000006128e-01 2.833259073069919753e-01
9.500000000000006217e-01 2.829825925485931482e-01
9.600000000000006306e-01 2.826361939418055025e-01
9.700000000000006395e-01 2.822867276924422852e-01
9.800000000000006484e-01 2.819342101194792782e-01
9.900000000000006573e-01 2.815786576534938801e-01
1.000000000000000666e+00 2.812200868350974159e-01
1.010000000000000675e+00 2.808585143133614515e-01
1.020000000000000684e+00 2.804939568442382236e-01
1.030000000000000693e+00 2.801264312889751862e-01
1.040000000000000702e+00 2.797559546125240604e-01
1.050000000000000711e+00 2.793825438819450557e-01
1.060000000000000719e+00 2.790062162648055955e-01
1.070000000000000728e+00 2.786269890275748784e-01
1.080000000000000737e+00 2.782448795340134451e-01
1.090000000000000746e+00 2.778599052435590244e-01
1.100000000000000755e+00 2.774720837097079951e-01
1.110000000000000764e+00 2.770814325783934051e-01
1.120000000000000773e+00 2.766879695863594391e-01
1.130000000000000782e+00 2.762917125595324430e-01
1.140000000000000790e+00 2.758926794113893965e-01
1.150000000000000799e+00 2.754908881413231647e-01
1.160000000000000808e+00 2.750863568330055298e-01
1.170000000000000817e+00 2.746791036527478913e-01
1.180000000000000826e+00 2.742691468478599126e-01
1.190000000000000835e+00 2.738565047450065015e-01
1.200000000000000844e+00 2.734411957485629041e-01
1.210000000000000853e+00 2.730232383389690209e-01
1.220000000000000862e+00 2.726026510710821138e-01
1.230000000000000870e+00 2.721794525725290681e-01
1.240000000000000879e+00 2.717536615420578228e-01
1.250000000000000888e+00 2.713252967478885780e-01
1.260000000000000897e+00 2.708943770260646700e-01
1.270000000000000906e+00 2.704609212788037786e-01
1.280000000000000915e+00 2.700249484728493021e-01
1.290000000000000924e+00 2.695864776378222305e-01
1.300000000000000933e+00 2.691455278645740190e-01
1.310000000000000941e+00 2.687021183035401273e-01
1.320000000000000950e+00 2.682562681630950574e-01
1.330000000000000959e+00 2.678079967079087798e-01
1.340000000000000968e+00 2.673573232573047131e-01
1.350000000000000977e+00 2.669042671836196479e-01
1.360000000000000986e+00 2.664488479105657781e-01
1.370000000000000995e+00 2.659910849115951770e-01
1.380000000000001004e+00 2.655309977082663808e-01
1.390000000000001013e+00 2.650686058686142488e-01
1.400000000000001021e+00 2.646039290055223758e-01
1.410000000000001030e+00 2.641369867750988920e-01
1.420000000000001039e+00 2.636677988750553703e-01
1.430000000000001048e+00 2.631963850430896756e-01
1.440000000000001057e+00 2.627227650552722005e-01
1.450000000000001066e+00 2.622469587244363742e-01
1.460000000000001075e+00 2.617689858985730034e-01
1.470000000000001084e+00 2.612888664592294408e-01
1.480000000000001092e+00 2.608066203199128075e-01
1.490000000000001101e+00 2.603222674244983770e-01
1.500000000000001110e+00 2.598358277456426779e-01
1.510000000000001119e+00 2.593473212832017039e-01
1.520000000000001128e+00 2.588567680626546741e-01
1.530000000000001137e+00 2.583641881335330126e-01
1.540000000000001146e+00 2.578696015678551001e-01
1.550000000000001155e+00 2.573730284585670769e-01
1.560000000000001164e+00 2.568744889179894186e-01
1.570000000000001172e+00 2.563740030762697852e-01
1.580000000000001181e+00 2.558715910798424198e-01
1.590000000000001190e+00 2.553672730898938759e-01
1.600000000000001199e+00 2.548610692808356282e-01
1.610000000000001208e+00 2.543529998387835112e-01
1.620000000000001217e+00 2.538430849600442629e-01
1.630000000000001226e+00 2.533313448496091747e-01
1.640000000000001235e+00 2.528177997196551785e-01
1.650000000000001243e+00 2.523024697880534850e-01
1.660000000000001252e+00 2.517853752768858810e-01
1.670000000000001261e+00 2.512665364109688548e-01
1.680000000000001270e+00 2.507459734163857146e-01
1.690000000000001279e+00 2.502237065190267562e-01
1.700000000000001288e+00 2.496997559431379521e-01
1.710000000000001297e+00 2.491741419098776888e-01
1.720000000000001306e+00 2.486468846358823037e-01
1.730000000000001315e+00 2.481180043318403083e-01
1.740000000000001323e+00 2.475875212010753001e-01
1.750000000000001332e+00 2.470554554381379497e-01
1.760000000000001341e+00 2.465218272274070088e-01
1.770000000000001350e+00 2.459866567416995331e-01
1.780000000000001359e+00 2.454499641408905142e-01
1.790000000000001368e+00 2.449117695705418096e-01
1.800000000000001377e+00 2.443720931605408153e-01
1.810000000000001386e+00 2.438309550237486856e-01
1.820000000000001394e+00 2.432883752546584621e-01
1.830000000000001403e+00 2.427443739280630564e-01
1.840000000000001412e+00 2.421989710977332788e-01
1.850000000000001421e+00 2.416521867951059721e-01
1.860000000000001430e+00 2.411040410279823576e-01
1.870000000000001439e+00 2.405545537792368460e-01
1.880000000000001448e+00 2.400037450055360899e-01
1.890000000000001457e+00 2.394516346360686387e-01
1.900000000000001465e+00 2.388982425712852797e-01
1.910000000000001474e+00 2.383435886816499816e-01
1.920000000000001483e+00 2.377876928064017181e-01
1.930000000000001492e+00 2.372305747523270891e-01
1.940000000000001501e+00 2.366722542925440154e-01
1.950000000000001510e+00 2.361127511652963418e-01
1.960000000000001519e+00 2.355520850727596815e-01
1.970000000000001528e+00 2.349902756798584180e-01
1.980000000000001537e+00 2.344273426130939753e-01
1.990000000000001545e+00 2.338633054593843852e-01
2.000000000000001332e+00 2.332981837649153456e-01
2.010000000000001119e+00 2.327319970340026578e-01
2.020000000000000906e+00 2.321647647279663496e-01
2.030000000000000693e+00 2.315965062640162331e-01
2.040000000000000480e+00 2.310272410141491484e-01
2.050000000000000266e+00 2.304569883040580025e-01
2.060000000000000053e+00 2.298857674120524941e-01
2.069999999999999840e+00 2.293135975679917171e-01
2.079999999999999627e+00 2.287404979522285331e-01
2.089999999999999414e+00 2.281664876945659337e-01
2.099999999999999201e+00 2.275915858732252828e-01
2.109999999999998987e+00 2.270158115138266042e-01
2.119999999999998774e+00 2.264391835883808879e-01
2.129999999999998561e+00 2.258617210142944698e-01
2.139999999999998348e+00 2.252834426533854295e-01
2.149999999999998135e+00 2.247043673109122841e-01
2.159999999999997922e+00 2.241245137346146443e-01
2.169999999999997708e+00 2.235439006137662221e-01
2.179999999999997495e+00 2.229625465782399396e-01
2.189999999999997282e+00 2.223804701975853615e-01
2.199999999999997069e+00 2.217976899801182844e-01
2.209999999999996856e+00 2.212142243720226775e-01
2.219999999999996643e+00 2.206300917564648911e-01
2.229999999999996430e+00 2.200453104527201331e-01
2.239999999999996216e+00 2.194598987153113523e-01
2.249999999999996003e+00 2.188738747331602785e-01
2.259999999999995790e+00 2.182872566287509808e-01
2.269999999999995577e+00 2.177000624573056098e-01
2.279999999999995364e+00 2.171123102059726029e-01
2.289999999999995151e+00 2.165240177930271015e-01
2.299999999999994937e+00 2.159352030670838307e-01
2.309999999999994724e+00 2.153458838063221914e-01
2.319999999999994511e+00 2.147560777177238422e-01
2.329999999999994298e+00 2.141658024363224111e-01
2.339999999999994085e+00 2.135750755244656962e-01
2.349999999999993872e+00 2.129839144710900523e-01
2.359999999999993658e+00 2.123923366910070998e-01
2.369999999999993445e+00 2.118003595242027859e-01
2.379999999999993232e+00 2.112080002351486019e-01
2.389999999999993019e+00 2.106152760121250689e-01
2.399999999999992806e+00 2.100222039665574914e-01
2.409999999999992593e+00 2.094288011323638399e-01
2.419999999999992379e+00 2.088350844653149019e-01
2.429999999999992166e+00 2.082410708424064782e-01
2.439999999999991953e+00 2.076467770612438202e-01
2.449999999999991740e+00 2.070522198394380564e-01
2.459999999999991527e+00 2.064574158140146942e-01
2.469999999999991314e+00 2.058623815408342772e-01
2.479999999999991100e+00 2.052671334940248671e-01
2.489999999999990887e+00 2.046716880654266268e-01
2.499999999999990674e+00 2.040760615640482278e-01
2.509999999999990461e+00 2.034802702155353027e-01
2.519999999999990248e+00 2.028843301616505279e-01
2.529999999999990035e+00 2.022882574597656691e-01
2.539999999999989821e+00 2.016920680823653667e-01
2.549999999999989608e+00 2.010957779165626069e-01
2.559999999999989395e+00 2.004994027636259057e-01
2.569999999999989182e+00 1.999029583385180942e-01
2.579999999999988969e+00 1.993064602694466780e-01
2.589999999999988756e+00 1.987099240974257719e-01
2.599999999999988542e+00 1.981133652758494679e-01
2.609999999999988329e+00 1.975167991700766401e-01
2.619999999999988116e+00 1.969202410570271011e-01
2.629999999999987903e+00 1.963237061247891935e-01
2.639999999999987690e+00 1.957272094722384559e-01
2.649999999999987477e+00 1.951307661086676415e-01
2.659999999999987264e+00 1.945343909534278104e-01
2.669999999999987050e+00 1.939380988355805524e-01
2.679999999999986837e+00 1.933419044935611730e-01
2.689999999999986624e+00 1.927458225748529264e-01
2.699999999999986411e+00 1.921498676356721280e-01
2.709999999999986198e+00 1.915540541406640096e-01
2.719999999999985985e+00 1.909583964626095087e-01
2.729999999999985771e+00 1.903629088821426063e-01
2.739999999999985558e+00 1.897676055874784329e-01
2.749999999999985345e+00 1.891725006741518389e-01
2.759999999999985132e+00 1.885776081447665953e-01
2.769999999999984919e+00 1.879829419087549192e-01
2.779999999999984706e+00 1.873885157821473524e-01
2.789999999999984492e+00 1.867943434873530206e-01
2.799999999999984279e+00 1.862004386529501065e-01
2.809999999999984066e+00 1.856068148134863982e-01
2.819999999999983853e+00 1.850134854092899128e-01
2.829999999999983640e+00 1.844204637862895957e-01
2.839999999999983427e+00 1.838277631958459557e-01
2.849999999999983213e+00 1.832353967945913598e-01
2.859999999999983000e+00 1.826433776442803469e-01
2.869999999999982787e+00 1.820517187116494906e-01
2.879999999999982574e+00 1.814604328682869194e-01
2.889999999999982361e+00 1.808695328905113586e-01
2.899999999999982148e+00 1.802790314592606080e-01
2.909999999999981934e+00 1.796889411599894570e-01
2.919999999999981721e+00 1.790992744825769534e-01
2.929999999999981508e+00 1.785100438212426366e-01
2.939999999999981295e+00 1.779212614744722643e-01
2.949999999999981082e+00 1.773329396449523088e-01
2.959999999999980869e+00 1.767450904395135025e-01
2.969999999999980655e+00 1.761577258690834313e-01
2.979999999999980442e+00 1.755708578486476767e-01
2.989999999999980229e+00 1.749844981972198676e-01
2.999999999999980016e+00 1.743986586378203640e-01
3.009999999999979803e+00 1.738133507974633507e-01
3.019999999999979590e+00 1.732285862071525906e-01
3.029999999999979376e+00 1.726443763018854771e-01
3.039999999999979163e+00 1.720607324206653577e-01
3.049999999999978950e+00 1.714776658065221004e-01
3.059999999999978737e+00 1.708951876065408493e-01
3.069999999999978524e+00 1.703133088718987720e-01
3.079999999999978311e+00 1.697320405579097191e-01
3.089999999999978098e+00 1.691513935240768762e-01
3.099999999999977884e+00 1.685713785341531323e-01
3.109999999999977671e+00 1.679920062562091643e-01
3.119999999999977458e+00 1.674132872627090429e-01
3.129999999999977245e+00 1.668352320305935832e-01
3.139999999999977032e+00 1.662578509413709105e-01
3.149999999999976819e+00 1.656811542812144933e-01
3.159999999999976605e+00 1.651051522410684758e-01
3.169999999999976392e+00 1.645298549167600877e-01
3.179999999999976179e+00 1.639552723091192155e-01
3.189999999999975966e+00 1.633814143241049122e-01
3.199999999999975753e+00 1.628082907729389572e-01
3.209999999999975540e+00 1.622359113722460777e-01
3.219999999999975326e+00 1.616642857442011083e-01
3.229999999999975113e+00 1.610934234166825629e-01
3.239999999999974900e+00 1.605233338234329787e-01
3.249999999999974687e+00 1.599540263042257271e-01
3.259999999999974474e+00 1.593855101050380418e-01
3.269999999999974261e+00 1.588177943782305979e-01
3.279999999999974047e+00 1.582508881827331404e-01
3.289999999999973834e+00 1.576848004842363316e-01
3.299999999999973621e+00 1.571195401553895643e-01
3.309999999999973408e+00 1.565551159760048272e-01
3.319999999999973195e+00 1.559915366332664532e-01
3.329999999999972982e+00 1.554288107219465587e-01
3.339999999999972768e+00 1.548669467446262826e-01
3.349999999999972555e+00 1.543059531119225780e-01
3.359999999999972342e+00 1.537458381427206366e-01
3.369999999999972129e+00 1.531866100644115880e-01
3.379999999999971916e+00 1.526282770131358046e-01
3.389999999999971703e+00 1.520708470340312590e-01
3.399999999999971489e+00 1.515143280814871818e-01
3.409999999999971276e+00 1.509587280194028824e-01
3.419999999999971063e+00 1.504040546214514551e-01
3.429999999999970850e+00 1.498503155713485913e-01
3.439999999999970637e+00 1.492975184631261387e-01
3.449999999999970424e+00 1.487456708014104623e-01
3.459999999999970210e+00 1.481947800017055228e-01
3.469999999999969997e+00 1.476448533906806193e-01
3.479999999999969784e+00 1.470958982064625165e-01
3.489999999999969571e+00 1.465479215989321793e-01
3.499999999999969358e+00 1.460009306300257825e-01
3.509999999999969145e+00 1.454549322740401052e-01
3.519999999999968932e+00 1.449099334179420051e-01
3.529999999999968718e+00 1.443659408616821127e-01
3.539999999999968505e+00 1.438229613185125488e-01
3.549999999999968292e+00 1.432810014153086675e-01
3.559999999999968079e+00 1.427400676928945733e-01
3.569999999999967866e+00 1.422001666063725522e-01
3.579999999999967653e+00 1.416613045254562775e-01
3.589999999999967439e+00 1.411234877348075401e-01
3.599999999999967226e+00 1.405867224343766431e-01
3.609999999999967013e+00 1.400510147397463212e-01
3.619999999999966800e+00 1.395163706824790739e-01
3.629999999999966587e+00 1.389827962104678294e-01
3.639999999999966374e+00 1.384502971882898836e-01
3.649999999999966160e+00 1.379188793975641703e-01
3.659999999999965947e+00 1.373885485373114446e-01
3.669999999999965734e+00 1.368593102243177428e-01
3.679999999999965521e+00 1.363311699935007004e-01
3.689999999999965308e+00 1.358041332982788396e-01
3.699999999999965095e+00 1.352782055109436055e-01
3.709999999999964881e+00 1.347533919230343713e-01
3.719999999999964668e+00 1.342296977457159424e-01
3.729999999999964455e+00 1.337071281101588072e-01
3.739999999999964242e+00 1.331856880679218591e-01
3.749999999999964029e+00 1.326653825913377549e-01
3.759999999999963816e+00 1.321462165739005490e-01
3.769999999999963602e+00 1.316281948306557148e-01
3.779999999999963389e+00 1.311113220985925809e-01
3.789999999999963176e+00 1.305956030370387655e-01
3.799999999999962963e+00 1.300810422280569700e-01
3.809999999999962750e+00 1.295676441768437714e-01
3.819999999999962537e+00 1.290554133121304126e-01
3.829999999999962323e+00 1.285443539865855911e-01
3.839999999999962110e+00 1.280344704772201359e-01
3.849999999999961897e+00 1.275257669857935428e-01
3.859999999999961684e+00 1.270182476392222037e-01
3.869999999999961471e+00 1.265119164899894399e-01
3.879999999999961258e+00 1.260067775165570614e-01
3.889999999999961044e+00 1.255028346237786196e-01
3.899999999999960831e+00 1.250000916433141318e-01
3.909999999999960618e+00 1.244985523340462197e-01
3.919999999999960405e+00 1.239982203824977619e-01
3.929999999999960192e+00 1.234990994032508088e-01
3.939999999999959979e+00 1.230011929393667741e-01
3.949999999999959766e+00 1.225045044628079033e-01
3.959999999999959552e+00 1.220090373748598939e-01
3.969999999999959339e+00 1.215147950065556121e-01
3.979999999999959126e+00 1.210217806190998779e-01
3.989999999999958913e+00 1.205299974042952638e-01
3.999999999999958700e+00 1.200394484849688220e-01
4.009999999999958931e+00 1.195501369153997018e-01
4.019999999999958717e+00 1.190620656817476392e-01
4.029999999999958504e+00 1.185752377024821974e-01
4.039999999999958291e+00 1.180896558288127424e-01
4.049999999999958078e+00 1.176053228451191535e-01
4.059999999999957865e+00 1.171222414693830621e-01
4.069999999999957652e+00 1.166404143536197979e-01
4.079999999999957438e+00 1.161598440843107649e-01
4.089999999999957225e+00 1.156805331828363176e-01
4.099999999999957012e+00 1.152024841059091365e-01
4.109999999999956799e+00 1.147256992460078812e-01
4.119999999999956586e+00 1.142501809318112738e-01
4.129999999999956373e+00 1.137759314286324180e-01
4.139999999999956160e+00 1.133029529388533685e-01
4.149999999999955946e+00 1.128312476023599076e-01
4.159999999999955733e+00 1.123608174969764895e-01
4.169999999999955520e+00 1.118916646389012254e-01
4.179999999999955307e+00 1.114237909831410356e-01
4.189999999999955094e+00 1.109571984239466902e-01
4.199999999999954881e+00 1.104918887952479611e-01
4.209999999999954667e+00 1.100278638710886076e-01
4.219999999999954454e+00 1.095651253660612917e-01
4.229999999999954241e+00 1.091036749357423563e-01
4.239999999999954028e+00 1.086435141771263796e-01
4.249999999999953815e+00 1.081846446290605085e-01
4.259999999999953602e+00 1.077270677726785697e-01
4.269999999999953388e+00 1.072707850318347783e-01
4.279999999999953175e+00 1.068157977735371966e-01
4.289999999999952962e+00 1.063621073083807489e-01
4.299999999999952749e+00 1.059097148909798058e-01
4.309999999999952536e+00 1.054586217204003529e-01
4.319999999999952323e+00 1.050088289405916447e-01
4.329999999999952109e+00 1.045603376408173052e-01
4.339999999999951896e+00 1.041131488560858992e-01
4.349999999999951683e+00 1.036672635675808529e-01
4.359999999999951470e+00 1.032226827030898186e-01
4.369999999999951257e+00 1.027794071374332624e-01
4.379999999999951044e+00 1.023374376928924551e-01
4.389999999999950830e+00 1.018967751396366583e-01
4.399999999999950617e+00 1.014574201961495892e-01
4.409999999999950404e+00 1.010193735296550516e-01
4.419999999999950191e+00 1.005826357565417495e-01
4.429999999999949978e+00 1.001472074427872533e-01
4.439999999999949765e+00 9.971308910438106410e-02
4.449999999999949551e+00 9.928028120774680387e-02
4.459999999999949338e+00 9.884878417016337848e-02
4.469999999999949125e+00 9.841859836018521102e-02
4.479999999999948912e+00 9.798972409806150363e-02
4.489999999999948699e+00 9.756216165615438918e-02
4.499999999999948486e+00 9.713591125935612525e-02
4.509999999999948272e+00 9.671097308550512250e-02
4.519999999999948059e+00 9.628734726580087666e-02
4.529999999999947846e+00 9.586503388521783187e-02
4.539999999999947633e+00 9.544403298291799509e-02
4.549999999999947420e+00 9.502434455266241253e-02
4.559999999999947207e+00 9.460596854322146643e-02
4.569999999999946994e+00 9.418890485878386731e-02
4.579999999999946780e+00 9.377315335936445284e-02
4.589999999999946567e+00 9.335871386121070981e-02
4.599999999999946354e+00 9.294558613720793616e-02
4.609999999999946141e+00 9.253376991728315404e-02
4.619999999999945928e+00 9.212326488880766273e-02
4.629999999999945715e+00 9.171407069699820391e-02
4.639999999999945501e+00 9.130618694531675295e-02
4.649999999999945288e+00 9.089961319586893629e-02
4.659999999999945075e+00 9.049434896980099174e-02
4.669999999999944862e+00 9.009039374769531316e-02
4.679999999999944649e+00 8.968774696996455187e-02
4.689999999999944436e+00 8.928640803724416375e-02
4.699999999999944222e+00 8.888637631078355472e-02
4.709999999999944009e+00 8.848765111283565798e-02
4.719999999999943796e+00 8.809023172704504023e-02
4.729999999999943583e+00 8.769411739883435641e-02
4.739999999999943370e+00 8.729930733578937507e-02
4.749999999999943157e+00 8.690580070804231061e-02
4.759999999999942943e+00 8.651359664865365673e-02
4.769999999999942730e+00 8.612269425399235456e-02
4.779999999999942517e+00 8.573309258411433709e-02
4.789999999999942304e+00 8.534479066313950535e-02
4.799999999999942091e+00 8.495778747962698385e-02
4.809999999999941878e+00 8.457208198694872447e-02
4.819999999999941664e+00 8.418767310366147283e-02
4.829999999999941451e+00 8.380455971387704150e-02
4.839999999999941238e+00 8.342274066763083473e-02
4.849999999999941025e+00 8.304221478124869382e-02
4.859999999999940812e+00 8.266298083771206340e-02
4.869999999999940599e+00 8.228503758702133963e-02
4.879999999999940385e+00 8.190838374655753928e-02
4.889999999999940172e+00 8.153301800144217848e-02
4.899999999999939959e+00 8.115893900489538904e-02
4.909999999999939746e+00 8.078614537859230005e-02
4.919999999999939533e+00 8.041463571301758761e-02
4.929999999999939320e+00 8.004440856781822045e-02
4.939999999999939106e+00 7.967546247215449851e-02
4.949999999999938893e+00 7.930779592504914877e-02
4.959999999999938680e+00 7.894140739573470011e-02
4.969999999999938467e+00 7.857629532399898475e-02
4.979999999999938254e+00 7.821245812052884938e-02
4.989999999999938041e+00 7.784989416725197897e-02
4.999999999999937828e+00 7.748860181767687483e-02
5.009999999999937614e+00 7.712857939723102851e-02
5.019999999999937401e+00 7.676982520359719453e-02
5.029999999999937188e+00 7.641233750704777561e-02
5.039999999999936975e+00 7.605611455077740390e-02
5.049999999999936762e+00 7.570115455123357928e-02
5.059999999999936549e+00 7.534745569844547575e-02
5.069999999999936335e+00 7.499501615635080498e-02
5.079999999999936122e+00 7.464383406312086189e-02
5.089999999999935909e+00 7.429390753148358562e-02
5.099999999999935696e+00 7.394523464904481647e-02
5.109999999999935483e+00 7.359781347860754053e-02
5.119999999999935270e+00 7.325164205848935794e-02
5.129999999999935056e+00 7.290671840283789729e-02
5.139999999999934843e+00 7.256304050194443966e-02
5.149999999999934630e+00 7.222060632255555834e-02
5.159999999999934417e+00 7.187941380818284320e-02
5.169999999999934204e+00 7.153946087941073784e-02
5.179999999999933991e+00 7.120074543420241986e-02
5.189999999999933777e+00 7.086326534820379386e-02
5.199999999999933564e+00 7.052701847504548593e-02
5.209999999999933351e+00 7.019200264664299249e-02
5.219999999999933138e+00 6.985821567349488614e-02
5.229999999999932925e+00 6.952565534497903710e-02
5.239999999999932712e+00 6.919431942964696103e-02
5.249999999999932498e+00 6.886420567551618244e-02
5.259999999999932285e+00 6.853531181036075226e-02
5.269999999999932072e+00 6.820763554199975320e-02
5.279999999999931859e+00 6.788117455858390381e-02
5.289999999999931646e+00 6.755592652888021965e-02
5.299999999999931433e+00 6.723188910255481487e-02
5.309999999999931219e+00 6.690905991045363599e-02
5.319999999999931006e+00 6.658743656488141927e-02
5.329999999999930793e+00 6.626701665987860812e-02
5.339999999999930580e+00 6.594779777149642475e-02
5.349999999999930367e+00 6.562977745806995722e-02
5.359999999999930154e+00 6.531295326048934535e-02
5.369999999999929940e+00 6.499732270246906529e-02
5.379999999999929727e+00 6.468288329081528509e-02
5.389999999999929514e+00 6.436963251569130517e-02
5.399999999999929301e+00 6.405756785088104199e-02
5.409999999999929088e+00 6.374668675405067986e-02
5.419999999999928875e+00 6.343698666700836597e-02
5.429999999999928662e+00 6.312846501596200421e-02
5.439999999999928448e+00 6.282111921177513381e-02
5.449999999999928235e+00 6.251494665022097608e-02
5.459999999999928022e+00 6.220994471223446898e-02
5.469999999999927809e+00 6.190611076416253217e-02
5.479999999999927596e+00 6.160344215801236145e-02
5.489999999999927383e+00 6.130193623169786360e-02
5.499999999999927169e+00 6.100159030928421766e-02
5.509999999999926956e+00 6.070240170123054890e-02
5.519999999999926743e+00 6.040436770463073618e-02
5.529999999999926530e+00 6.010748560345234581e-02
5.539999999999926317e+00 5.981175266877370583e-02
5.549999999999926104e+00 5.951716615901912061e-02
5.559999999999925890e+00 5.922372332019222585e-02
5.569999999999925677e+00 5.893142138610749786e-02
5.579999999999925464e+00 5.864025757861991706e-02
5.589999999999925251e+00 5.835022910785279959e-02
5.599999999999925038e+00 5.806133317242376940e-02
5.609999999999924825e+00 5.777356695966893302e-02
5.619999999999924611e+00 5.748692764586521564e-02
5.629999999999924398e+00 5.720141239645085834e-02
5.639999999999924185e+00 5.691701836624414590e-02
5.649999999999923972e+00 5.663374269966028884e-02
5.659999999999923759e+00 5.635158253092651531e-02
5.669999999999923546e+00 5.607053498429537958e-02
5.679999999999923332e+00 5.579059717425626647e-02
5.689999999999923119e+00 5.551176620574511944e-02
5.699999999999922906e+00 5.523403917435237842e-02
5.709999999999922693e+00 5.495741316652916902e-02
5.719999999999922480e+00 5.468188525979170850e-02
5.729999999999922267e+00 5.440745252292395612e-02
5.739999999999922053e+00 5.413411201617851498e-02
5.749999999999921840e+00 5.386186079147579214e-02
5.759999999999921627e+00 5.359069589260141014e-02
5.769999999999921414e+00 5.332061435540189076e-02
5.779999999999921201e+00 5.305161320797861096e-02
5.789999999999920988e+00 5.278368947088004498e-02
5.799999999999920774e+00 5.251684015729229937e-02
5.809999999999920561e+00 5.225106227322793423e-02
5.819999999999920348e+00 5.198635281771308431e-02
5.829999999999920135e+00 5.172270878297289404e-02
5.839999999999919922e+00 5.146012715461528025e-02
5.849999999999919709e+00 5.119860491181299489e-02
5.859999999999919496e+00 5.093813902748404315e-02
5.869999999999919282e+00 5.067872646847042944e-02
5.879999999999919069e+00 5.042036419571525180e-02
5.889999999999918856e+00 5.016304916443813100e-02
5.899999999999918643e+00 4.990677832430904376e-02
5.909999999999918430e+00 4.965154861962048360e-02
5.919999999999918217e+00 4.939735698945800502e-02
5.929999999999918003e+00 4.914420036786918550e-02
5.939999999999917790e+00 4.889207568403092230e-02
5.949999999999917577e+00 4.864097986241518179e-02
5.959999999999917364e+00 4.839090982295313204e-02
5.969999999999917151e+00 4.814186248119767253e-02
5.979999999999916938e+00 4.789383474848442346e-02
5.989999999999916724e+00 4.764682353209112597e-02
5.999999999999916511e+00 4.740082573539547428e-02
6.009999999999916298e+00 4.715583825803142115e-02
6.019999999999916085e+00 4.691185799604389445e-02
6.029999999999915872e+00 4.666888184204202178e-02
6.039999999999915659e+00 4.642690668535079390e-02
6.049999999999915445e+00 4.618592941216122932e-02
6.059999999999915232e+00 4.594594690567900541e-02
6.069999999999915019e+00 4.570695604627160458e-02
6.079999999999914806e+00 4.546895371161393390e-02
6.089999999999914593e+00 4.523193677683250147e-02
6.099999999999914380e+00 4.499590211464805922e-02
6.109999999999914166e+00 4.476084659551681638e-02
6.119999999999913953e+00 4.452676708777016795e-02
6.129999999999913740e+00 4.429366045775296606e-02
6.139999999999913527e+00 4.406152356996036190e-02
6.149999999999913314e+00 4.383035328717319046e-02
6.159999999999913101e+00 4.360014647059191895e-02
6.169999999999912887e+00 4.337089997996919355e-02
6.179999999999912674e+00 4.314261067374096370e-02
6.189999999999912461e+00 4.291527540915619082e-02
6.199999999999912248e+00 4.268889104240516236e-02
6.209999999999912035e+00 4.246345442874643189e-02
6.219999999999911822e+00 4.223896242263235762e-02
6.229999999999911608e+00 4.201541187783328080e-02
6.239999999999911395e+00 4.179279964756033722e-02
6.249999999999911182e+00 4.157112258458690174e-02
6.259999999999910969e+00 4.135037754136870053e-02
6.269999999999910756e+00 4.113056137016259106e-02
6.279999999999910543e+00 4.091167092314396819e-02
6.289999999999910330e+00 4.069370305252290737e-02
6.299999999999910116e+00 4.047665461065894088e-02
6.309999999999909903e+00 4.026052245017457121e-02
6.319999999999909690e+00 4.004530342406745214e-02
6.329999999999909477e+00 3.983099438582129309e-02
6.339999999999909264e+00 3.961759218951550060e-02
6.349999999999909051e+00 3.940509368993351524e-02
6.359999999999908837e+00 3.919349574266990655e-02
6.369999999999908624e+00 3.898279520423620498e-02
6.379999999999908411e+00 3.877298893216549885e-02
6.389999999999908198e+00 3.856407378511575446e-02
6.399999999999907985e+00 3.835604662297194961e-02
6.409999999999907772e+00 3.814890430694696521e-02
6.419999999999907558e+00 3.794264369968125550e-02
6.429999999999907345e+00 3.773726166534133175e-02
6.439999999999907132e+00 3.753275506971702480e-02
6.449999999999906919e+00 3.732912078031756786e-02
6.459999999999906706e+00 3.712635566646650676e-02
6.469999999999906493e+00 3.692445659939543046e-02
6.479999999999906279e+00 3.672342045233652208e-02
6.489999999999906066e+00 3.652324410061398574e-02
6.499999999999905853e+00 3.632392442173429381e-02
6.509999999999905640e+00 3.612545829547529619e-02
6.519999999999905427e+00 3.592784260397421936e-02
6.529999999999905214e+00 3.573107423181452053e-02
6.539999999999905000e+00 3.553515006611164539e-02
6.549999999999904787e+00 3.534006699659764800e-02
6.559999999999904574e+00 3.514582191570472802e-02
6.569999999999904361e+00 3.495241171864767876e-02
6.579999999999904148e+00 3.475983330350525952e-02
6.589999999999903935e+00 3.456808357130045778e-02
6.599999999999903721e+00 3.437715942607971753e-02
6.609999999999903508e+00 3.418705777499108506e-02
6.619999999999903295e+00 3.399777552836132088e-02
6.629999999999903082e+00 3.380930959977195005e-02
6.639999999999902869e+00 3.362165690613429236e-02
6.649999999999902656e+00 3.343481436776344490e-02
6.659999999999902442e+00 3.324877890845125139e-02
6.669999999999902229e+00 3.306354745553827246e-02
6.679999999999902016e+00 3.287911693998472884e-02
6.689999999999901803e+00 3.269548429644045934e-02
6.699999999999901590e+00 3.251264646331387953e-02
6.709999999999901377e+00 3.233060038283996906e-02
6.719999999999901164e+00 3.214934300114728055e-02
6.729999999999900950e+00 3.196887126832396314e-02
6.739999999999900737e+00 3.178918213848287017e-02
6.749999999999900524e+00 3.161027256982566758e-02
6.759999999999900311e+00 3.143213952470601952e-02
6.769999999999900098e+00 3.125477996969184408e-02
6.779999999999899885e+00 3.107819087562661842e-02
6.789999999999899671e+00 3.090236921768977837e-02
6.799999999999899458e+00 3.072731197545620907e-02
6.809999999999899245e+00 3.055301613295479876e-02
6.819999999999899032e+00 3.037947867872612534e-02
6.829999999999898819e+00 3.020669660587923730e-02
6.839999999999898606e+00 3.003466691214753959e-02
6.849999999999898392e+00 2.986338659994381903e-02
6.859999999999898179e+00 2.969285267641438505e-02
6.869999999999897966e+00 2.952306215349235693e-02
6.879999999999897753e+00 2.935401204795008365e-02
6.889999999999897540e+00 2.918569938145072068e-02
6.899999999999897327e+00 2.901812118059897416e-02
6.909999999999897113e+00 2.885127447699098457e-02
6.919999999999896900e+00 2.868515630726341248e-02
6.929999999999896687e+00 2.851976371314167424e-02
6.939999999999896474e+00 2.835509374148738326e-02
6.949999999999896261e+00 2.819114344434497585e-02
6.959999999999896048e+00 2.802790987898754610e-02
6.969999999999895834e+00 2.786539010796186891e-02
6.979999999999895621e+00 2.770358119913264930e-02
6.989999999999895408e+00 2.754248022572599111e-02
6.999999999999895195e+00 2.738208426637209203e-02
7.009999999999894982e+00 2.722239040514716490e-02
7.019999999999894769e+00 2.706339573161461315e-02
7.029999999999894555e+00 2.690509734086543245e-02
7.039999999999894342e+00 2.674749233355789083e-02
7.049999999999894129e+00 2.659057781595644543e-02
7.059999999999893916e+00 2.643435089996994114e-02
7.069999999999893703e+00 2.627880870318907713e-02
7.079999999999893490e+00 2.612394834892315526e-02
7.089999999999893276e+00 2.596976696623610331e-02
7.099999999999893063e+00 2.581626168998180787e-02
7.109999999999892850e+00 2.566342966083873592e-02
7.119999999999892637e+00 2.551126802534385563e-02
7.129999999999892424e+00 2.535977393592588752e-02
7.139999999999892211e+00 2.520894455093785139e-02
7.149999999999891998e+00 2.505877703468895046e-02
7.159999999999891784e+00 2.490926855747578259e-02
7.169999999999891571e+00 2.476041629561288870e-02
7.179999999999891358e+00 2.461221743146263172e-02
7.189999999999891145e+00 2.446466915346444740e-02
7.199999999999890932e+00 2.431776865616342570e-02
7.209999999999890719e+00 2.417151314023826755e-02
7.219999999999890505e+00 2.402589981252860329e-02
7.229999999999890292e+00 2.388092588606167271e-02
7.239999999999890079e+00 2.373658858007841183e-02
7.249999999999889866e+00 2.359288512005888391e-02
7.259999999999889653e+00 2.344981273774713812e-02
7.269999999999889440e+00 2.330736867117544353e-02
7.279999999999889226e+00 2.316555016468791611e-02
7.289999999999889013e+00 2.302435446896358359e-02
7.299999999999888800e+00 2.288377884103882931e-02
7.309999999999888587e+00 2.274382054432927402e-02
7.319999999999888374e+00 2.260447684865107484e-02
7.329999999999888161e+00 2.246574503024166211e-02
7.339999999999887947e+00 2.232762237177989689e-02
7.349999999999887734e+00 2.219010616240568376e-02
7.359999999999887521e+00 2.205319369773901111e-02
7.369999999999887308e+00 2.191688227989846763e-02
7.379999999999887095e+00 2.178116921751919663e-02
7.389999999999886882e+00 2.164605182577031273e-02
7.399999999999886668e+00 2.151152742637180496e-02
7.409999999999886455e+00 2.137759334761088481e-02
7.419999999999886242e+00 2.124424692435783468e-02
7.429999999999886029e+00 2.111148549808132893e-02
7.439999999999885816e+00 2.097930641686324496e-02
7.449999999999885603e+00 2.084770703541296774e-02
7.459999999999885389e+00 2.071668471508120168e-02
7.469999999999885176e+00 2.058623682387326556e-02
7.479999999999884963e+00 2.045636073646191558e-02
7.489999999999884750e+00 2.032705383419967579e-02
7.499999999999884537e+00 2.019831350513068280e-02
7.509999999999884324e+00 2.007013714400206206e-02
7.519999999999884110e+00 1.994252215227482541e-02
7.529999999999883897e+00 1.981546593813430721e-02
7.539999999999883684e+00 1.968896591650012851e-02
7.549999999999883471e+00 1.956301950903572076e-02
7.559999999999883258e+00 1.943762414415738451e-02
7.569999999999883045e+00 1.931277725704290404e-02
7.579999999999882832e+00 1.918847628963971791e-02
7.589999999999882618e+00 1.906471869067265582e-02
7.599999999999882405e+00 1.894150191565123487e-02
7.609999999999882192e+00 1.881882342687652906e-02
7.619999999999881979e+00 1.869668069344761555e-02
7.629999999999881766e+00 1.857507119126760448e-02
7.639999999999881553e+00 1.845399240304924568e-02
7.649999999999881339e+00 1.833344181832012587e-02
7.659999999999881126e+00 1.821341693342746690e-02
7.669999999999880913e+00 1.809391525154250766e-02
7.679999999999880700e+00 1.797493428266450088e-02
7.689999999999880487e+00 1.785647154362431099e-02
7.699999999999880274e+00 1.773852455808761983e-02
7.709999999999880060e+00 1.762109085655775079e-02
7.719999999999879847e+00 1.750416797637811481e-02
7.729999999999879634e+00 1.738775346173426772e-02
7.739999999999879421e+00 1.727184486365561031e-02
7.749999999999879208e+00 1.715643974001670666e-02
7.759999999999878995e+00 1.704153565553824870e-02
7.769999999999878781e+00 1.692713018178765294e-02
7.779999999999878568e+00 1.681322089717929985e-02
7.789999999999878355e+00 1.669980538697442979e-02
7.799999999999878142e+00 1.658688124328068156e-02
7.809999999999877929e+00 1.647444606505128403e-02
7.819999999999877716e+00 1.636249745808392164e-02
7.829999999999877502e+00 1.625103303501924945e-02
7.839999999999877289e+00 1.614005041533907517e-02
7.849999999999877076e+00 1.602954722536422197e-02
7.859999999999876863e+00 1.591952109825205477e-02
7.869999999999876650e+00 1.580996967399369429e-02
7.879999999999876437e+00 1.570089059941090839e-02
7.889999999999876223e+00 1.559228152815268428e-02
7.899999999999876010e+00 1.548414012069149887e-02
7.909999999999875797e+00 1.537646404431927509e-02
7.919999999999875584e+00 1.526925097314303995e-02
7.929999999999875371e+00 1.516249858808027713e-02
7.939999999999875158e+00 1.505620457685398830e-02
7.949999999999874944e+00 1.495036663398745767e-02
7.959999999999874731e+00 1.484498246079872866e-02
7.969999999999874518e+00 1.474004976539479428e-02
7.979999999999874305e+00 1.463556626266550136e-02
7.989999999999874092e+00 1.453152967427718059e-02
7.999999999999873879e+00 1.442793772866600086e-02
8.009999999999873666e+00 1.432478816103104242e-02
8.019999999999873452e+00 1.422207871332711177e-02
8.029999999999873239e+00 1.411980713425728395e-02
8.039999999999873026e+00 1.401797117926517795e-02
8.049999999999872813e+00 1.391656861052698382e-02
8.059999999999872600e+00 1.381559719694322105e-02
8.069999999999872387e+00 1.371505471413025576e-02
8.079999999999872173e+00 1.361493894441155247e-02
8.089999999999871960e+00 1.351524767680869175e-02
8.099999999999871747e+00 1.341597870703213971e-02
8.109999999999871534e+00 1.331712983747176948e-02
8.119999999999871321e+00 1.321869887718715893e-02
8.129999999999871108e+00 1.312068364189763678e-02
8.139999999999870894e+00 1.302308195397210849e-02
8.149999999999870681e+00 1.292589164241864617e-02
8.159999999999870468e+00 1.282911054287385472e-02
8.169999999999870255e+00 1.273273649759201591e-02
8.179999999999870042e+00 1.263676735543400875e-02
8.189999999999869829e+00 1.254120097185601121e-02
8.199999999999869615e+00 1.244603520889799204e-02
8.209999999999869402e+00 1.235126793517198236e-02
8.219999999999869189e+00 1.225689702585014591e-02
8.229999999999868976e+00 1.216292036265263603e-02
8.239999999999868763e+00 1.206933583383525133e-02
8.249999999999868550e+00 1.197614133417689193e-02
8.259999999999868336e+00 1.188333476496680752e-02
8.269999999999868123e+00 1.179091403399166321e-02
8.279999999999867910e+00 1.169887705552240080e-02
8.289999999999867697e+00 1.160722175030090911e-02
8.299999999999867484e+00 1.151594604552651398e-02
8.309999999999867271e+00 1.142504787484227395e-02
8.319999999999867057e+00 1.133452517832109381e-02
8.329999999999866844e+00 1.124437590245166464e-02
8.339999999999866631e+00 1.115459800012420961e-02
8.349999999999866418e+00 1.106518943061607016e-02
8.359999999999866205e+00 1.097614815957710828e-02
8.369999999999865992e+00 1.088747215901493884e-02
8.379999999999865778e+00 1.079915940727999533e-02
8.389999999999865565e+00 1.071120788905042566e-02
8.399999999999865352e+00 1.062361559531682306e-02
8.409999999999865139e+00 1.053638052336680099e-02
8.419999999999864926e+00 1.044950067676940139e-02
8.429999999999864713e+00 1.036297406535934343e-02
8.439999999999864500e+00 1.027679870522112647e-02
8.449999999999864286e+00 1.019097261867296829e-02
8.459999999999864073e+00 1.010549383425059927e-02
8.469999999999863860e+00 1.002036038669090572e-02
8.479999999999863647e+00 9.935570316915427400e-03
8.489999999999863434e+00 9.851121672013702507e-03
8.499999999999863221e+00 9.767012505226484176e-03
8.509999999999863007e+00 9.683240875928800923e-03
8.519999999999862794e+00 9.599804849612892169e-03
8.529999999999862581e+00 9.516702497870994579e-03
8.539999999999862368e+00 9.433931898378001765e-03
8.549999999999862155e+00 9.351491134873988684e-03
8.559999999999861942e+00 9.269378297146607659e-03
8.569999999999861728e+00 9.187591481013349104e-03
8.579999999999861515e+00 9.106128788303686009e-03
8.589999999999861302e+00 9.024988326841079656e-03
8.599999999999861089e+00 8.944168210424874310e-03
8.609999999999860876e+00 8.863666558812065277e-03
8.619999999999860663e+00 8.783481497698945525e-03
8.629999999999860449e+00 8.703611158702641293e-03
8.639999999999860236e+00 8.624053679342522788e-03
8.649999999999860023e+00 8.544807203021509076e-03
8.659999999999859810e+00 8.465869879007256738e-03
8.669999999999859597e+00 8.387239862413235769e-03
8.679999999999859384e+00 8.308915314179699668e-03
8.689999999999859170e+00 8.230894401054551432e-03
8.699999999999858957e+00 8.153175295574095066e-03
8.709999999999858744e+00 8.075756176043693418e-03
8.719999999999858531e+00 7.998635226518311520e-03
8.729999999999858318e+00 7.921810636782974924e-03
8.739999999999858105e+00 7.845280602333115291e-03
8.749999999999857891e+00 7.769043324354823164e-03
8.759999999999857678e+00 7.693097009705009669e-03
8.769999999999857465e+00 7.617439870891466736e-03
8.779999999999857252e+00 7.542070126052838851e-03
8.789999999999857039e+00 7.466985998938500263e-03
8.799999999999856826e+00 7.392185718888345455e-03
8.809999999999856612e+00 7.317667520812491146e-03
8.819999999999856399e+00 7.243429645170889816e-03
8.829999999999856186e+00 7.169470337952858242e-03
8.839999999999855973e+00 7.095787850656521886e-03
8.849999999999855760e+00 7.022380440268177759e-03
8.859999999999855547e+00 6.949246369241575752e-03
8.869999999999855333e+00 6.876383905477119300e-03
8.879999999999855120e+00 6.803791322300987987e-03
8.889999999999854907e+00 6.731466898444184686e-03
8.899999999999854694e+00 6.659408918021504642e-03
8.909999999999854481e+00 6.587615670510431690e-03
8.919999999999854268e+00 6.516085450729958151e-03
8.929999999999854055e+00 6.444816558819339673e-03
8.939999999999853841e+00 6.373807300216772012e-03
8.949999999999853628e+00 6.303055985638001887e-03
8.959999999999853415e+00 6.232560931054871058e-03
8.969999999999853202e+00 6.162320457673790136e-03
8.979999999999852989e+00 6.092332891914149957e-03
8.989999999999852776e+00 6.022596565386666156e-03
8.999999999999852562e+00 5.953109814871661298e-03
9.009999999999852349e+00 5.883870982297284558e-03
9.019999999999852136e+00 5.814878414717671549e-03
9.029999999999851923e+00 5.746130464291040844e-03
9.039999999999851710e+00 5.677625488257737572e-03
9.049999999999851497e+00 5.609361848918213711e-03
9.059999999999851283e+00 5.541337913610952862e-03
9.069999999999851070e+00 5.473552054690342984e-03
9.079999999999850857e+00 5.406002649504490151e-03
9.089999999999850644e+00 5.338688080372982862e-03
9.099999999999850431e+00 5.271606734564600848e-03
9.109999999999850218e+00 5.204757004274973564e-03
9.119999999999850004e+00 5.138137286604188385e-03
9.129999999999849791e+00 5.071745983534349349e-03
9.139999999999849578e+00 5.005581501907087338e-03
9.149999999999849365e+00 4.939642253401025154e-03
9.159999999999849152e+00 4.873926654509189681e-03
9.169999999999848939e+00 4.808433126516385887e-03
9.179999999999848725e+00 4.743160095476522259e-03
9.189999999999848512e+00 4.678105992189891989e-03
9.199999999999848299e+00 4.613269252180413407e-03
9.209999999999848086e+00 4.548648315672827909e-03
9.219999999999847873e+00 4.484241627569855379e-03
9.229999999999847660e+00 4.420047637429309721e-03
9.239999999999847446e+00 4.356064799441177957e-03
9.249999999999847233e+00 4.292291572404655087e-03
9.259999999999847020e+00 4.228726419705147732e-03
9.269999999999846807e+00 4.165367809291235270e-03
9.279999999999846594e+00 4.102214213651598010e-03
9.289999999999846381e+00 4.039264109791909814e-03
9.299999999999846167e+00 3.976515979211692545e-03
9.309999999999845954e+00 3.913968307881143631e-03
9.319999999999845741e+00 3.851619586217923299e-03
9.329999999999845528e+00 3.789468309063914048e-03
9.339999999999845315e+00 3.727512975661946733e-03
9.349999999999845102e+00 3.665752089632496290e-03
9.359999999999844889e+00 3.604184158950346235e-03
9.369999999999844675e+00 3.542807695921225842e-03
9.379999999999844462e+00 3.481621217158416097e-03
9.389999999999844249e+00 3.420623243559328761e-03
9.399999999999844036e+00 3.359812300282058115e-03
9.409999999999843823e+00 3.299186916721904509e-03
9.419999999999843610e+00 3.238745626487873203e-03
9.429999999999843396e+00 3.178486967379147172e-03
9.439999999999843183e+00 3.118409481361534771e-03
9.449999999999842970e+00 3.058511714543891806e-03
9.459999999999842757e+00 2.998792217154523220e-03
9.469999999999842544e+00 2.939249543517557465e-03
9.479999999999842331e+00 2.879882252029301350e-03
9.489999999999842117e+00 2.820688905134571042e-03
9.499999999999841904e+00 2.761668069303003115e-03
9.509999999999841691e+00 2.702818315005342618e-03
9.519999999999841478e+00 2.644138216689712485e-03
9.529999999999841265e+00 2.585626352757862574e-03
9.539999999999841052e+00 2.527281305541398751e-03
9.549999999999840838e+00 2.469101661277993756e-03
9.559999999999840625e+00 2.411086010087578994e-03
9.569999999999840412e+00 2.353232945948519842e-03
9.579999999999840199e+00 2.295541066673771440e-03
9.589999999999839986e+00 2.238008973887019304e-03
9.599999999999839773e+00 2.180635272998802596e-03
9.609999999999839559e+00 2.123418573182621772e-03
9.619999999999839346e+00 2.066357487351029761e-03
9.629999999999839133e+00 2.009450632131709255e-03
9.639999999999838920e+00 1.952696627843534182e-03
9.649999999999838707e+00 1.896094098472616857e-03
9.659999999999838494e+00 1.839641671648342127e-03
9.669999999999838280e+00 1.783337978619386989e-03
9.679999999999838067e+00 1.727181654229727626e-03
9.689999999999837854e+00 1.671171336894633225e-03
9.699999999999837641e+00 1.615305668576647643e-03
9.709999999999837428e+00 1.559583294761558931e-03
9.719999999999837215e+00 1.504002864434356938e-03
9.729999999999837001e+00 1.448563030055180067e-03
9.739999999999836788e+00 1.393262447535250541e-03
9.749999999999836575e+00 1.338099776212798827e-03
9.759999999999836362e+00 1.283073678828978298e-03
9.769999999999836149e+00 1.228182821503769279e-03
9.779999999999835936e+00 1.173425873711873542e-03
9.789999999999835723e+00 1.118801508258598833e-03
9.799999999999835509e+00 1.064308401255734940e-03
9.809999999999835296e+00 1.009945232097420650e-03
9.819999999999835083e+00 9.557106834360013913e-04
9.829999999999834870e+00 9.016034411578793860e-04
9.839999999999834657e+00 8.476221943593551314e-04
9.849999999999834444e+00 7.937656353224608599e-04
9.859999999999834230e+00 7.400324594907868418e-04
9.869999999999834017e+00 6.864213654453000992e-04
9.879999999999833804e+00 6.329310548801556384e-04
9.889999999999833591e+00 5.795602325785009605e-04
9.899999999999833378e+00 5.263076063882737420e-04
9.909999999999833165e+00 4.731718871979929009e-04
9.919999999999832951e+00 4.201517889125434835e-04
9.929999999999832738e+00 3.672460284289550997e-04
9.939999999999832525e+00 3.144533256121745043e-04
9.949999999999832312e+00 2.617724032708323772e-04
9.959999999999832099e+00 2.092019871330042489e-04
9.969999999999831886e+00 1.567408058219662496e-04
9.979999999999831672e+00 1.043875908319452195e-04
9.989999999999831459e+00 5.214107650386369704e-05
9.999999999999831246e+00 1.079973784012810967e-15
1.000000000000000000e+01 2.009553447591616191e-16
