1.000000000000000021e-02 0.000000000000000000e+00
2.000000000000000042e-02 3.999634360975445599e-06
2.999999999999999889e-02 1.299700634590031796e-05
4.000000000000000083e-02 2.898761543567881079e-05
5.000000000000000278e-02 5.396332847065730840e-05
6.000000000000000472e-02 8.991134700774943951e-05
7.000000000000000666e-02 1.388131777879395359e-04
8.000000000000000167e-02 2.026436074194129088e-04
8.999999999999999667e-02 2.833696820821763338e-04
9.999999999999999167e-02 3.829496930216234277e-04
1.099999999999999867e-01 5.033321685865152972e-04
1.199999999999999817e-01 6.464548735585177053e-04
1.299999999999999767e-01 8.142438165122925422e-04
1.399999999999999856e-01 1.008612265936479528e-03
1.499999999999999944e-01 1.231459775836562165e-03
1.600000000000000033e-01 1.484671221530552707e-03
1.700000000000000122e-01 1.770115846337639567e-03
1.800000000000000211e-01 2.089646319848446464e-03
1.900000000000000300e-01 2.445097808453347479e-03
2.000000000000000389e-01 2.838287058792402905e-03
2.100000000000000477e-01 3.271011494776925911e-03
2.200000000000000566e-01 3.745048328818499726e-03
2.300000000000000655e-01 4.262153687886438211e-03
2.400000000000000744e-01 4.824061754999257705e-03
2.500000000000000555e-01 5.432483926739708514e-03
2.600000000000000644e-01 6.089107987366356931e-03
2.700000000000000733e-01 6.795597300077581282e-03
2.800000000000000822e-01 7.553590015966228990e-03
2.900000000000000910e-01 8.364698301185068477e-03
3.000000000000000999e-01 9.230507582824589580e-03
3.100000000000001088e-01 1.015257581398568490e-02
3.200000000000001177e-01 1.113243275851032339e-02
3.300000000000001266e-01 1.217157929581350745e-02
3.400000000000001354e-01 1.327148674623963506e-02
3.500000000000001443e-01 1.443359621734587039e-02
3.600000000000001532e-01 1.565931797149434229e-02
3.700000000000001621e-01 1.695003081511387358e-02
3.800000000000001710e-01 1.830708150997062758e-02
3.900000000000001799e-01 1.973178420676552358e-02
4.000000000000001887e-01 2.122541990135447948e-02
4.100000000000001976e-01 2.278923591386568248e-02
4.200000000000002065e-01 2.442444539096600559e-02
4.300000000000002154e-01 2.613222683150657685e-02
4.400000000000002243e-01 2.791372363575524845e-02
4.500000000000002331e-01 2.977004367840144217e-02
4.600000000000002420e-01 3.170225890549656367e-02
4.700000000000002509e-01 3.371140495547086252e-02
4.800000000000002598e-01 3.579848080434537561e-02
4.900000000000002687e-01 3.796444843523535256e-02
5.000000000000002220e-01 4.021023253221948923e-02
5.100000000000002309e-01 4.253672019862726750e-02
5.200000000000002398e-01 4.494476069977482863e-02
5.300000000000002487e-01 4.743516523015813002e-02
5.400000000000002576e-01 5.000870670509062477e-02
5.500000000000002665e-01 5.266611957675136624e-02
5.600000000000002753e-01 5.540809967458842911e-02
5.700000000000002842e-01 5.823530407000173520e-02
5.800000000000002931e-01 6.114835096520881280e-02
5.900000000000003020e-01 6.414781960617685352e-02
6.000000000000003109e-01 6.723425021948452318e-02
6.100000000000003197e-01 7.040814397295747096e-02
6.200000000000003286e-01 7.366996295990227428e-02
6.300000000000003375e-01 7.702013020674482180e-02
6.400000000000003464e-01 8.045902970386065167e-02
6.500000000000003553e-01 8.398700645936700571e-02
6.600000000000003642e-01 8.760436657562857554e-02
6.700000000000003730e-01 9.131137734821208329e-02
6.800000000000003819e-01 9.510826738700810246e-02
6.900000000000003908e-01 9.899522675922239889e-02
7.000000000000003997e-01 1.029724071539236396e-01
7.100000000000004086e-01 1.070399220678188851e-01
7.200000000000004174e-01 1.111978470119139722e-01
7.300000000000004263e-01 1.154462197387017414e-01
7.400000000000004352e-01 1.197850404895074300e-01
7.500000000000004441e-01 1.242142722616077638e-01
7.600000000000004530e-01 1.287338410947276857e-01
7.700000000000004619e-01 1.333436363765069244e-01
7.800000000000004707e-01 1.380435111665172798e-01
7.900000000000004796e-01 1.428332825384007188e-01
8.000000000000004885e-01 1.477127319396884797e-01
8.100000000000004974e-01 1.526816055688514084e-01
8.200000000000005063e-01 1.577396147691231543e-01
8.300000000000005151e-01 1.628864364386294339e-01
8.400000000000005240e-01 1.681217134563486038e-01
8.500000000000005329e-01 1.734450551234215931e-01
8.600000000000005418e-01 1.788560376193227275e-01
8.700000000000005507e-01 1.843542044723971152e-01
8.800000000000005596e-01 1.899390670442642481e-01
8.900000000000005684e-01 1.956101050275832198e-01
9.000000000000005773e-01 2.013667669566703011e-01
9.100000000000005862e-01 2.072084707304559792e-01
9.200000000000005951e-01 2.131346041472654274e-01
9.300000000000006040e-01 2.191445254509037655e-01
9.400000000000006128e-01 2.252375638875253883e-01
9.500000000000006217e-01 2.314130202727651409e-01
9.600000000000006306e-01 2.376701675686082871e-01
9.700000000000006395e-01 2.440082514694754956e-01
9.800000000000006484e-01 2.504264909969995956e-01
9.900000000000006573e-01 2.569240791029708815e-01
1.000000000000000666e+00 2.635001832799295229e-01
1.010000000000000675e+00 2.701539461788846630e-01
1.020000000000000684e+00 2.768844862336421464e-01
1.030000000000000693e+00 2.836908982912251798e-01
1.040000000000000702e+00 2.905722542478756942e-01
1.050000000000000711e+00 2.975276036901269294e-01
1.060000000000000719e+00 3.045559745404422536e-01
1.070000000000000728e+00 3.116563737069191209e-01
1.080000000000000737e+00 3.188277877365621737e-01
1.090000000000000746e+00 3.260691834716342163e-01
1.100000000000000755e+00 3.333795087085993925e-01
1.110000000000000764e+00 3.407576928591790622e-01
1.120000000000000773e+00 3.482026476130466452e-01
1.130000000000000782e+00 3.557132676016945272e-01
1.140000000000000790e+00 3.632884310630129510e-01
1.150000000000000799e+00 3.709270005061275355e-01
1.160000000000000808e+00 3.786278233760509426e-01
1.170000000000000817e+00 3.863897327177098218e-01
1.180000000000000826e+00 3.942115478389182637e-01
1.190000000000000835e+00 4.020920749718761567e-01
1.200000000000000844e+00 4.100301079327794418e-01
1.210000000000000853e+00 4.180244287791382019e-01
1.220000000000000862e+00 4.260738084644077328e-01
1.230000000000000870e+00 4.341770074895464626e-01
1.240000000000000879e+00 4.423327765511237408e-01
1.250000000000000888e+00 4.505398571856110146e-01
1.260000000000000897e+00 4.587969824094983440e-01
1.270000000000000906e+00 4.671028773548888124e-01
1.280000000000000915e+00 4.754562599002330470e-01
1.290000000000000924e+00 4.838558412958758326e-01
1.300000000000000933e+00 4.923003267840977970e-01
1.310000000000000941e+00 5.007884162133440231e-01
1.320000000000000950e+00 5.093188046463429375e-01
1.330000000000000959e+00 5.178901829618284269e-01
1.340000000000000968e+00 5.265012384495890707e-01
1.350000000000000977e+00 5.351506553985782011e-01
1.360000000000000986e+00 5.438371156778295523e-01
1.370000000000000995e+00 5.525592993099327499e-01
1.380000000000001004e+00 5.613158850368352715e-01
1.390000000000001013e+00 5.701055508777452818e-01
1.400000000000001021e+00 5.789269746789222904e-01
1.410000000000001030e+00 5.877788346551526821e-01
1.420000000000001039e+00 5.966598099227157226e-01
1.430000000000001048e+00 6.055685810236588473e-01
1.440000000000001057e+00 6.145038304412087093e-01
1.450000000000001066e+00 6.234642431061557799e-01
1.460000000000001075e+00 6.324485068940600696e-01
1.470000000000001084e+00 6.414553131131365271e-01
1.480000000000001092e+00 6.504833569826863338e-01
1.490000000000001101e+00 6.595313381019520804e-01
1.500000000000001110e+00 6.685979609092843612e-01
1.510000000000001119e+00 6.776819351315152007e-01
1.520000000000001128e+00 6.867819762234447234e-01
1.530000000000001137e+00 6.958968057973567989e-01
1.540000000000001146e+00 7.050251520424876128e-01
1.550000000000001155e+00 7.141657501343798842e-01
1.560000000000001164e+00 7.233173426340659962e-01
1.570000000000001172e+00 7.324786798770304141e-01
1.580000000000001181e+00 7.416485203519106451e-01
1.590000000000001190e+00 7.508256310689047641e-01
1.600000000000001199e+00 7.600087879178613059e-01
1.610000000000001208e+00 7.691967760160353107e-01
1.620000000000001217e+00 7.783883900455029758e-01
1.630000000000001226e+00 7.875824345802332482e-01
1.640000000000001235e+00 7.967777244028242389e-01
1.650000000000001243e+00 8.059730848109180057e-01
1.660000000000001252e+00 8.151673519133153523e-01
1.670000000000001261e+00 8.243593729158186223e-01
1.680000000000001270e+00 8.335480063968374598e-01
1.690000000000001279e+00 8.427321225727985032e-01
1.700000000000001288e+00 8.519106035534074195e-01
1.710000000000001297e+00 8.610823435868164566e-01
1.720000000000001306e+00 8.702462492947578010e-01
1.730000000000001315e+00 8.794012398977073541e-01
1.740000000000001323e+00 8.885462474301512037e-01
1.750000000000001332e+00 8.976802169460296188e-01
1.760000000000001341e+00 9.068021067144412806e-01
1.770000000000001350e+00 9.159108884056932354e-01
1.780000000000001359e+00 9.250055472677881641e-01
1.790000000000001368e+00 9.340850822934444464e-01
1.800000000000001377e+00 9.431485063777490518e-01
1.810000000000001386e+00 9.521948464665471734e-01
1.820000000000001394e+00 9.612231436956774067e-01
1.830000000000001403e+00 9.702324535211632739e-01
1.840000000000001412e+00 9.792218458404773340e-01
1.850000000000001421e+00 9.881904051049964499e-01
1.860000000000001430e+00 9.971372304237705597e-01
1.870000000000001439e+00 1.006061435658729186e+00
1.880000000000001448e+00 1.014962149511454914e+00
1.890000000000001457e+00 1.023838515601652954e+00
1.900000000000001465e+00 1.032689692537451132e+00
1.910000000000001474e+00 1.041514853977664412e+00
1.920000000000001483e+00 1.050313188686163857e+00
1.930000000000001492e+00 1.059083900578485560e+00
1.940000000000001501e+00 1.067826208760825235e+00
1.950000000000001510e+00 1.076539347561559001e+00
1.960000000000001519e+00 1.085222566555434920e+00
1.970000000000001528e+00 1.093875130580581390e+00
1.980000000000001537e+00 1.102496319748480946e+00
1.990000000000001545e+00 1.111085429447054906e+00
2.000000000000001332e+00 1.119641770337009623e+00
2.010000000000001119e+00 1.128164668341594012e+00
2.020000000000000906e+00 1.136653464629918231e+00
2.030000000000000693e+00 1.145107515593984049e+00
2.040000000000000480e+00 1.153526192819579910e+00
2.050000000000000266e+00 1.161908883051189223e+00
2.060000000000000053e+00 1.170254988151066877e+00
2.069999999999999840e+00 1.178563925052632300e+00
2.079999999999999627e+00 1.186835125708333383e+00
2.089999999999999414e+00 1.195068037032130048e+00
2.099999999999999201e+00 1.203262120836750437e+00
2.109999999999998987e+00 1.211416853765868051e+00
2.119999999999998774e+00 1.219531727221351725e+00
2.129999999999998561e+00 1.227606247285736085e+00
2.139999999999998348e+00 1.235639934640062165e+00
2.149999999999998135e+00 1.243632324477234041e+00
2.159999999999997922e+00 1.251582966411041165e+00
2.169999999999997708e+00 1.259491424380988711e+00
2.179999999999997495e+00 1.267357276553083167e+00
2.189999999999997282e+00 1.275180115216715038e+00
2.199999999999997069e+00 1.282959546677781448e+00
2.209999999999996856e+00 1.290695191148190313e+00
2.219999999999996643e+00 1.298386682631883726e+00
2.229999999999996430e+00 1.306033668807520476e+00
2.239999999999996216e+00 1.313635810907953561e+00
2.249999999999996003e+00 1.321192783596637277e+00
2.259999999999995790e+00 1.328704274841098432e+00
2.269999999999995577e+00 1.336169985783602465e+00
2.279999999999995364e+00 1.343589630609144381e+00
2.289999999999995151e+00 1.350962936410894155e+00
2.299999999999994937e+00 1.358289643053221862e+00
2.309999999999994724e+00 1.365569503032426857e+00
2.319999999999994511e+00 1.372802281335296026e+00
2.329999999999994298e+00 1.379987755295608798e+00
2.339999999999994085e+00 1.387125714448710356e+00
2.349999999999993872e+00 1.394215960384269426e+00
2.359999999999993658e+00 1.401258306597334746e+00
2.369999999999993445e+00 1.408252578337804151e+00
2.379999999999993232e+00 1.415198612458416827e+00
2.389999999999993019e+00 1.422096257261377783e+00
2.399999999999992806e+00 1.428945372343721099e+00
2.409999999999992593e+00 1.435745828441516325e+00
2.419999999999992379e+00 1.442497507273021951e+00
2.429999999999992166e+00 1.449200301380885181e+00
2.439999999999991953e+00 1.455854113973486852e+00
2.449999999999991740e+00 1.462458858765527170e+00
2.459999999999991527e+00 1.469014459817948204e+00
2.469999999999991314e+00 1.475520851377282838e+00
2.479999999999991100e+00 1.481977977714521222e+00
2.489999999999990887e+00 1.488385792963582865e+00
2.499999999999990674e+00 1.494744260959479210e+00
2.509999999999990461e+00 1.501053355076250595e+00
2.519999999999990248e+00 1.507313058064758682e+00
2.529999999999990035e+00 1.513523361890413810e+00
2.539999999999989821e+00 1.519684267570914793e+00
2.549999999999989608e+00 1.525795785014075756e+00
2.559999999999989395e+00 1.531857932855813287e+00
2.569999999999989182e+00 1.537870738298364293e+00
2.579999999999988969e+00 1.543834236948805172e+00
2.589999999999988756e+00 1.549748472657936471e+00
2.599999999999988542e+00 1.555613497359600528e+00
2.609999999999988329e+00 1.561429370910493386e+00
2.619999999999988116e+00 1.567196160930532267e+00
2.629999999999987903e+00 1.572913942643837437e+00
2.639999999999987690e+00 1.578582798720385982e+00
2.649999999999987477e+00 1.584202819118391448e+00
2.659999999999987264e+00 1.589774100927464184e+00
2.669999999999987050e+00 1.595296748212601035e+00
2.679999999999986837e+00 1.600770871859057198e+00
2.689999999999986624e+00 1.606196589418144693e+00
2.699999999999986411e+00 1.611574024954005147e+00
2.709999999999986198e+00 1.616903308891400659e+00
2.719999999999985985e+00 1.622184577864563826e+00
2.729999999999985771e+00 1.627417974567149095e+00
2.739999999999985558e+00 1.632603647603322994e+00
2.749999999999985345e+00 1.637741751340031415e+00
2.759999999999985132e+00 1.642832445760478377e+00
2.769999999999984919e+00 1.647875896318850897e+00
2.779999999999984706e+00 1.652872273796321956e+00
2.789999999999984492e+00 1.657821754158362859e+00
2.799999999999984279e+00 1.662724518413393415e+00
2.809999999999984066e+00 1.667580752472797245e+00
2.819999999999983853e+00 1.672390647012330422e+00
2.829999999999983640e+00 1.677154397334945424e+00
2.839999999999983427e+00 1.681872203235056595e+00
2.849999999999983213e+00 1.686544268864266671e+00
2.859999999999983000e+00 1.691170802598575662e+00
2.869999999999982787e+00 1.695752016907092763e+00
2.879999999999982574e+00 1.700288128222267048e+00
2.889999999999982361e+00 1.704779356811654489e+00
2.899999999999982148e+00 1.709225926651237959e+00
2.909999999999981934e+00 1.713628065300311754e+00
2.919999999999981721e+00 1.717986003777946635e+00
2.929999999999981508e+00 1.722299976441044267e+00
2.939999999999981295e+00 1.726570220863994587e+00
2.949999999999981082e+00 1.730796977719943675e+00
2.959999999999980869e+00 1.734980490663681207e+00
2.969999999999980655e+00 1.739121006216155507e+00
2.979999999999980442e+00 1.743218773650621944e+00
2.989999999999980229e+00 1.747274044880430699e+00
2.999999999999980016e+00 1.751287074348458317e+00
3.009999999999979803e+00 1.755258118918185728e+00
3.019999999999979590e+00 1.759187437766426276e+00
3.029999999999979376e+00 1.763075292277706430e+00
3.039999999999979163e+00 1.766921945940297389e+00
3.049999999999978950e+00 1.770727664243900046e+00
3.059999999999978737e+00 1.774492714578981944e+00
3.069999999999978524e+00 1.778217366137764266e+00
3.079999999999978311e+00 1.781901889816856155e+00
3.089999999999978098e+00 1.785546558121535510e+00
3.099999999999977884e+00 1.789151645071670016e+00
3.109999999999977671e+00 1.792717426109275092e+00
3.119999999999977458e+00 1.796244178007703640e+00
3.129999999999977245e+00 1.799732178782462722e+00
3.139999999999977032e+00 1.803181707603648931e+00
3.149999999999976819e+00 1.806593044709996709e+00
3.159999999999976605e+00 1.809966471324533366e+00
3.169999999999976392e+00 1.813302269571829495e+00
3.179999999999976179e+00 1.816600722396839895e+00
3.189999999999975966e+00 1.819862113485323230e+00
3.199999999999975753e+00 1.823086727185832423e+00
3.209999999999975540e+00 1.826274848433264708e+00
3.219999999999975326e+00 1.829426762673961759e+00
3.229999999999975113e+00 1.832542755792349043e+00
3.239999999999974900e+00 1.835623114039101944e+00
3.249999999999974687e+00 1.838668123960828016e+00
3.259999999999974474e+00 1.841678072331253802e+00
3.269999999999974261e+00 1.844653246083902021e+00
3.279999999999974047e+00 1.847593932246248016e+00
3.289999999999973834e+00 1.850500417875342363e+00
3.299999999999973621e+00 1.853372989994885200e+00
3.309999999999973408e+00 1.856211935533738755e+00
3.319999999999973195e+00 1.859017541265866713e+00
3.329999999999972982e+00 1.861790093751681585e+00
3.339999999999972768e+00 1.864529879280790725e+00
3.349999999999972555e+00 1.867237183816123025e+00
3.359999999999972342e+00 1.869912292939422516e+00
3.369999999999972129e+00 1.872555491798093774e+00
3.379999999999971916e+00 1.875167065053384929e+00
3.389999999999971703e+00 1.877747296829891166e+00
3.399999999999971489e+00 1.880296470666364739e+00
3.409999999999971276e+00 1.882814869467815289e+00
3.419999999999971063e+00 1.885302775458884250e+00
3.429999999999970850e+00 1.887760470138478475e+00
3.439999999999970637e+00 1.890188234235646414e+00
3.449999999999970424e+00 1.892586347666681323e+00
3.459999999999970210e+00 1.894955089493434164e+00
3.469999999999969997e+00 1.897294737882821991e+00
3.479999999999969784e+00 1.899605570067513405e+00
3.489999999999969571e+00 1.901887862307777066e+00
3.499999999999969358e+00 1.904141889854473968e+00
3.509999999999969145e+00 1.906367926913180577e+00
3.519999999999968932e+00 1.908566246609423089e+00
3.529999999999968718e+00 1.910737120955009249e+00
3.539999999999968505e+00 1.912880820815439087e+00
3.549999999999968292e+00 1.914997615878380133e+00
3.559999999999968079e+00 1.917087774623188468e+00
3.569999999999967866e+00 1.919151564291461609e+00
3.579999999999967653e+00 1.921189250858605702e+00
3.589999999999967439e+00 1.923201099006399684e+00
3.599999999999967226e+00 1.925187372096543337e+00
3.609999999999967013e+00 1.927148332145169007e+00
3.619999999999966800e+00 1.929084239798303901e+00
3.629999999999966587e+00 1.930995354308266299e+00
3.639999999999966374e+00 1.932881933510977923e+00
3.649999999999966160e+00 1.934744233804178704e+00
3.659999999999965947e+00 1.936582510126527490e+00
3.669999999999965734e+00 1.938397015937571632e+00
3.679999999999965521e+00 1.940188003198572098e+00
3.689999999999965308e+00 1.941955722354165914e+00
3.699999999999965095e+00 1.943700422314853071e+00
3.709999999999964881e+00 1.945422350440290105e+00
3.719999999999964668e+00 1.947121752523377269e+00
3.729999999999964455e+00 1.948798872775122426e+00
3.739999999999964242e+00 1.950453953810267205e+00
3.749999999999964029e+00 1.952087236633661460e+00
3.759999999999963816e+00 1.953698960627369585e+00
3.769999999999963602e+00 1.955289363538495140e+00
3.779999999999963389e+00 1.956858681467708694e+00
3.789999999999963176e+00 1.958407148858465341e+00
3.799999999999962963e+00 1.959934998486896340e+00
3.809999999999962750e+00 1.961442461452361785e+00
3.819999999999962537e+00 1.962929767168649864e+00
3.829999999999962323e+00 1.964397143355809616e+00
3.839999999999962110e+00 1.965844816032601194e+00
3.849999999999961897e+00 1.967273009509553416e+00
3.859999999999961684e+00 1.968681946382612846e+00
3.869999999999961471e+00 1.970071847527371522e+00
3.879999999999961258e+00 1.971442932093861122e+00
3.889999999999961044e+00 1.972795417501899351e+00
3.899999999999960831e+00 1.974129519436976565e+00
3.909999999999960618e+00 1.975445451846670863e+00
3.919999999999960405e+00 1.976743426937576098e+00
3.929999999999960192e+00 1.978023655172734374e+00
3.939999999999959979e+00 1.979286345269557934e+00
3.949999999999959766e+00 1.980531704198230214e+00
3.959999999999959552e+00 1.981759937180572306e+00
3.969999999999959339e+00 1.982971247689365724e+00
3.979999999999959126e+00 1.984165837448117253e+00
3.989999999999958913e+00 1.985343906431256578e+00
3.999999999999958700e+00 1.986505652864754445e+00
4.009999999999958931e+00 1.987651273227150295e+00
4.019999999999958717e+00 1.988780962250978446e+00
4.029999999999958504e+00 1.989894912924583315e+00
4.039999999999958291e+00 1.990993316494310772e+00
4.049999999999958078e+00 1.992076362467067874e+00
4.059999999999957865e+00 1.993144238613238306e+00
4.069999999999957652e+00 1.994197130969944665e+00
4.079999999999957438e+00 1.995235223844648464e+00
4.089999999999957225e+00 1.996258699819075444e+00
4.099999999999957012e+00 1.997267739753459947e+00
4.109999999999956799e+00 1.998262522791095508e+00
4.119999999999956586e+00 1.999243226363185633e+00
4.129999999999956373e+00 2.000210026193982138e+00
4.139999999999956160e+00 2.001163096306204814e+00
4.149999999999955946e+00 2.002102609026733759e+00
4.159999999999955733e+00 2.003028734992562399e+00
4.169999999999955520e+00 2.003941643157005181e+00
4.179999999999955307e+00 2.004841500796152420e+00
4.189999999999955094e+00 2.005728473515561827e+00
4.199999999999954881e+00 2.006602725257179642e+00
4.209999999999954667e+00 2.007464418306482923e+00
4.219999999999954454e+00 2.008313713299836767e+00
4.229999999999954241e+00 2.009150769232055378e+00
4.239999999999954028e+00 2.009975743464164744e+00
4.249999999999953815e+00 2.010788791731354053e+00
4.259999999999953602e+00 2.011590068151111410e+00
4.269999999999953388e+00 2.012379725231537630e+00
4.279999999999953175e+00 2.013157913879828342e+00
4.289999999999952962e+00 2.013924783410920405e+00
4.299999999999952749e+00 2.014680481556293756e+00
4.309999999999952536e+00 2.015425154472923808e+00
4.319999999999952323e+00 2.016158946752376391e+00
4.329999999999952109e+00 2.016882001430041260e+00
4.339999999999951896e+00 2.017594459994494382e+00
4.349999999999951683e+00 2.018296462396986790e+00
4.359999999999951470e+00 2.018988147061052008e+00
4.369999999999951257e+00 2.019669650892227164e+00
4.379999999999951044e+00 2.020341109287880244e+00
4.389999999999950830e+00 2.021002656147140808e+00
4.399999999999950617e+00 2.021654423880927087e+00
4.409999999999950404e+00 2.022296543422063664e+00
4.419999999999950191e+00 2.022929144235486199e+00
4.429999999999949978e+00 2.023552354328526981e+00
4.439999999999949765e+00 2.024166300261275975e+00
4.449999999999949551e+00 2.024771107157015138e+00
4.459999999999949338e+00 2.025366898712716246e+00
4.469999999999949125e+00 2.025953797209604446e+00
4.479999999999948912e+00 2.026531923523775980e+00
4.489999999999948699e+00 2.027101397136871430e+00
4.499999999999948486e+00 2.027662336146796473e+00
4.509999999999948272e+00 2.028214857278487937e+00
4.519999999999948059e+00 2.028759075894719821e+00
4.529999999999947846e+00 2.029295106006947069e+00
4.539999999999947633e+00 2.029823060286180869e+00
4.549999999999947420e+00 2.030343050073894151e+00
4.559999999999947207e+00 2.030855185392950624e+00
4.569999999999946994e+00 2.031359574958557346e+00
4.579999999999946780e+00 2.031856326189234618e+00
4.589999999999946567e+00 2.032345545217800087e+00
4.599999999999946354e+00 2.032827336902366167e+00
4.609999999999946141e+00 2.033301804837344129e+00
4.619999999999945928e+00 2.033769051364453073e+00
4.629999999999945715e+00 2.034229177583732895e+00
4.639999999999945501e+00 2.034682283364555033e+00
4.649999999999945288e+00 2.035128467356628779e+00
4.659999999999945075e+00 2.035567827001002694e+00
4.669999999999944862e+00 2.036000458541056268e+00
4.679999999999944649e+00 2.036426457033478243e+00
4.689999999999944436e+00 2.036845916359232511e+00
4.699999999999944222e+00 2.037258929234506688e+00
4.709999999999944009e+00 2.037665587221639374e+00
4.719999999999943796e+00 2.038065980740028760e+00
4.729999999999943583e+00 2.038460199077014590e+00
4.739999999999943370e+00 2.038848330398735698e+00
4.749999999999943157e+00 2.039230461760958235e+00
4.759999999999942943e+00 2.039606679119874588e+00
4.769999999999942730e+00 2.039977067342868544e+00
4.779999999999942517e+00 2.040341710219248483e+00
4.789999999999942304e+00 2.040700690470941492e+00
4.799999999999942091e+00 2.041054089763152390e+00
4.809999999999941878e+00 2.041401988714981464e+00
4.819999999999941664e+00 2.041744466910001332e+00
4.829999999999941451e+00 2.042081602906791193e+00
4.839999999999941238e+00 2.042413474249426208e+00
4.849999999999941025e+00 2.042740157477920704e+00
4.859999999999940812e+00 2.043061728138624744e+00
4.869999999999940599e+00 2.043378260794571410e+00
4.879999999999940385e+00 2.043689829035774341e+00
4.889999999999940172e+00 2.043996505489473758e+00
4.899999999999939959e+00 2.044298361830328314e+00
4.909999999999939746e+00 2.044595468790555426e+00
4.919999999999939533e+00 2.044887896170016539e+00
4.929999999999939320e+00 2.045175712846243776e+00
4.939999999999939106e+00 2.045458986784412847e+00
4.949999999999938893e+00 2.045737785047255120e+00
4.959999999999938680e+00 2.046012173804912404e+00
4.969999999999938467e+00 2.046282218344731785e+00
4.979999999999938254e+00 2.046547983080998279e+00
4.989999999999938041e+00 2.046809531564607099e+00
4.999999999999937828e+00 2.047066926492673744e+00
5.009999999999937614e+00 2.047320229718080142e+00
5.019999999999937401e+00 2.047569502258957730e+00
5.029999999999937188e+00 2.047814804308105696e+00
5.039999999999936975e+00 2.048056195242343502e+00
5.049999999999936762e+00 2.048293733631799451e+00
5.059999999999936549e+00 2.048527477249131756e+00
5.069999999999936335e+00 2.048757483078682551e+00
5.079999999999936122e+00 2.048983807325566620e+00
5.089999999999935909e+00 2.049206505424689961e+00
5.099999999999935696e+00 2.049425632049702184e+00
5.109999999999935483e+00 2.049641241121880064e+00
5.119999999999935270e+00 2.049853385818940499e+00
5.129999999999935056e+00 2.050062118583787729e+00
5.139999999999934843e+00 2.050267491133188624e+00
5.149999999999934630e+00 2.050469554466377797e+00
5.159999999999934417e+00 2.050668358873595221e+00
5.169999999999934204e+00 2.050863953944552343e+00
5.179999999999933991e+00 2.051056388576827150e+00
5.189999999999933777e+00 2.051245710984189063e+00
5.199999999999933564e+00 2.051431968704855446e+00
5.209999999999933351e+00 2.051615208609673058e+00
5.219999999999933138e+00 2.051795476910233340e+00
5.229999999999932925e+00 2.051972819166912654e+00
5.239999999999932712e+00 2.052147280296844567e+00
5.249999999999932498e+00 2.052318904581820203e+00
5.259999999999932285e+00 2.052487735676116198e+00
5.269999999999932072e+00 2.052653816614253834e+00
5.279999999999931859e+00 2.052817189818686217e+00
5.289999999999931646e+00 2.052977897107414407e+00
5.299999999999931433e+00 2.053135979701532943e+00
5.309999999999931219e+00 2.053291478232704748e+00
5.319999999999931006e+00 2.053444432750564985e+00
5.329999999999930793e+00 2.053594882730055637e+00
5.339999999999930580e+00 2.053742867078687695e+00
5.349999999999930367e+00 2.053888424143734515e+00
5.359999999999930154e+00 2.054031591719355898e+00
5.369999999999929940e+00 2.054172407053649785e+00
5.379999999999929727e+00 2.054310906855636887e+00
5.389999999999929514e+00 2.054447127302173826e+00
5.399999999999929301e+00 2.054581104044799211e+00
5.409999999999929088e+00 2.054712872216508668e+00
5.419999999999928875e+00 2.054842466438461912e+00
5.429999999999928662e+00 2.054969920826621887e+00
5.439999999999928448e+00 2.055095268998325064e+00
5.449999999999928235e+00 2.055218544078783793e+00
5.459999999999928022e+00 2.055339778707521603e+00
5.469999999999927809e+00 2.055459005044740106e+00
5.479999999999927596e+00 2.055576254777621070e+00
5.489999999999927383e+00 2.055691559126558321e+00
5.499999999999927169e+00 2.055804948851327474e+00
5.509999999999926956e+00 2.055916454257185055e+00
5.519999999999926743e+00 2.056026105200906340e+00
5.529999999999926530e+00 2.056133931096755685e+00
5.539999999999926317e+00 2.056239960922390697e+00
5.549999999999926104e+00 2.056344223224705114e+00
5.559999999999925890e+00 2.056446746125604630e+00
5.569999999999925677e+00 2.056547557327720543e+00
5.579999999999925464e+00 2.056646684120059021e+00
5.589999999999925251e+00 2.056744153383587292e+00
5.599999999999925038e+00 2.056839991596758566e+00
5.609999999999924825e+00 2.056934224840973879e+00
5.619999999999924611e+00 2.057026878805980452e+00
5.629999999999924398e+00 2.057117978795212743e+00
5.639999999999924185e+00 2.057207549731068230e+00
5.649999999999923972e+00 2.057295616160125462e+00
5.659999999999923759e+00 2.057382202258300374e+00
5.669999999999923546e+00 2.057467331835944435e+00
5.679999999999923332e+00 2.057551028342882393e+00
5.689999999999923119e+00 2.057633314873391850e+00
5.699999999999922906e+00 2.057714214171123768e+00
5.709999999999922693e+00 2.057793748633966135e+00
5.719999999999922480e+00 2.057871940318849013e+00
5.729999999999922267e+00 2.057948810946494067e+00
5.739999999999922053e+00 2.058024381906105926e+00
5.749999999999921840e+00 2.058098674260008476e+00
5.759999999999921627e+00 2.058171708748225637e+00
5.769999999999921414e+00 2.058243505793005745e+00
5.779999999999921201e+00 2.058314085503292645e+00
5.789999999999920988e+00 2.058383467679142598e+00
5.799999999999920774e+00 2.058451671816085238e+00
5.809999999999920561e+00 2.058518717109434348e+00
5.819999999999920348e+00 2.058584622458543123e+00
5.829999999999920135e+00 2.058649406471008358e+00
5.839999999999919922e+00 2.058713087466822689e+00
5.849999999999919709e+00 2.058775683482475305e+00
5.859999999999919496e+00 2.058837212275001161e+00
5.869999999999919282e+00 2.058897691325979995e+00
5.879999999999919069e+00 2.058957137845486063e+00
5.889999999999918856e+00 2.059015568775986349e+00
5.899999999999918643e+00 2.059073000796191266e+00
5.909999999999918430e+00 2.059129450324857391e+00
5.919999999999918217e+00 2.059184933524539129e+00
5.929999999999918003e+00 2.059239466305295974e+00
5.939999999999917790e+00 2.059293064328349132e+00
5.949999999999917577e+00 2.059345743009695529e+00
5.959999999999917364e+00 2.059397517523670729e+00
5.969999999999917151e+00 2.059448402806469236e+00
5.979999999999916938e+00 2.059498413559619046e+00
5.989999999999916724e+00 2.059547564253410012e+00
5.999999999999916511e+00 2.059595869130278256e+00
6.009999999999916298e+00 2.059643342208146155e+00
6.019999999999916085e+00 2.059689997283719709e+00
6.029999999999915872e+00 2.059735847935742381e+00
6.039999999999915659e+00 2.059780907528204974e+00
6.049999999999915445e+00 2.059825189213515095e+00
6.059999999999915232e+00 2.059868705935623989e+00
6.069999999999915019e+00 2.059911470433110736e+00
6.079999999999914806e+00 2.059953495242228261e+00
6.089999999999914593e+00 2.059994792699906707e+00
6.099999999999914380e+00 2.060035374946716846e+00
6.109999999999914166e+00 2.060075253929794403e+00
6.119999999999913953e+00 2.060114441405726193e+00
6.129999999999913740e+00 2.060152948943394957e+00
6.139999999999913527e+00 2.060190787926788225e+00
6.149999999999913314e+00 2.060227969557768102e+00
6.159999999999913101e+00 2.060264504858803303e+00
6.169999999999912887e+00 2.060300404675665664e+00
6.179999999999912674e+00 2.060335679680087573e+00
6.189999999999912461e+00 2.060370340372385645e+00
6.199999999999912248e+00 2.060404397084046657e+00
6.209999999999912035e+00 2.060437859980279285e+00
6.219999999999911822e+00 2.060470739062529866e+00
6.229999999999911608e+00 2.060503044170964415e+00
6.239999999999911395e+00 2.060534784986915113e+00
6.249999999999911182e+00 2.060565971035295707e+00
6.259999999999910969e+00 2.060596611686979607e+00
6.269999999999910756e+00 2.060626716161147787e+00
6.279999999999910543e+00 2.060656293527603378e+00
6.289999999999910330e+00 2.060685352709054285e+00
6.299999999999910116e+00 2.060713902483362503e+00
6.309999999999909903e+00 2.060741951485762780e+00
6.319999999999909690e+00 2.060769508211051537e+00
6.329999999999909477e+00 2.060796581015742479e+00
6.339999999999909264e+00 2.060823178120194221e+00
6.349999999999909051e+00 2.060849307610705505e+00
6.359999999999908837e+00 2.060874977441583322e+00
6.369999999999908624e+00 2.060900195437179949e+00
6.379999999999908411e+00 2.060924969293901565e+00
6.389999999999908198e+00 2.060949306582188001e+00
6.399999999999907985e+00 2.060973214748464954e+00
6.409999999999907772e+00 2.060996701117068675e+00
6.419999999999907558e+00 2.061019772892140889e+00
6.429999999999907345e+00 2.061042437159498864e+00
6.439999999999907132e+00 2.061064700888477930e+00
6.449999999999906919e+00 2.061086570933747364e+00
6.459999999999906706e+00 2.061108054037100068e+00
6.469999999999906493e+00 2.061129156829216491e+00
6.479999999999906279e+00 2.061149885831402351e+00
6.489999999999906066e+00 2.061170247457302818e+00
6.499999999999905853e+00 2.061190248014590498e+00
6.509999999999905640e+00 2.061209893706628549e+00
6.519999999999905427e+00 2.061229190634111141e+00
6.529999999999905214e+00 2.061248144796678172e+00
6.539999999999905000e+00 2.061266762094508653e+00
6.549999999999904787e+00 2.061285048329887015e+00
6.559999999999904574e+00 2.061303009208751202e+00
6.569999999999904361e+00 2.061320650342214567e+00
6.579999999999904148e+00 2.061337977248065556e+00
6.589999999999903935e+00 2.061354995352247865e+00
6.599999999999903721e+00 2.061371709990315715e+00
6.609999999999903508e+00 2.061388126408869148e+00
6.619999999999903295e+00 2.061404249766968011e+00
6.629999999999903082e+00 2.061420085137525060e+00
6.639999999999902869e+00 2.061435637508677310e+00
6.649999999999902656e+00 2.061450911785138729e+00
6.659999999999902442e+00 2.061465912789530286e+00
6.669999999999902229e+00 2.061480645263693123e+00
6.679999999999902016e+00 2.061495113869979967e+00
6.689999999999901803e+00 2.061509323192527443e+00
6.699999999999901590e+00 2.061523277738510629e+00
6.709999999999901377e+00 2.061536981939376734e+00
6.719999999999901164e+00 2.061550440152062791e+00
6.729999999999900950e+00 2.061563656660191590e+00
6.739999999999900737e+00 2.061576635675252955e+00
6.749999999999900524e+00 2.061589381337765925e+00
6.759999999999900311e+00 2.061601897718421395e+00
6.769999999999900098e+00 2.061614188819211435e+00
6.779999999999899885e+00 2.061626258574537740e+00
6.789999999999899671e+00 2.061638110852304973e+00
6.799999999999899458e+00 2.061649749454997682e+00
6.809999999999899245e+00 2.061661178120739901e+00
6.819999999999899032e+00 2.061672400524339643e+00
6.829999999999898819e+00 2.061683420278316081e+00
6.839999999999898606e+00 2.061694240933912514e+00
6.849999999999898392e+00 2.061704865982092016e+00
6.859999999999898179e+00 2.061715298854520206e+00
6.869999999999897966e+00 2.061725542924531140e+00
6.879999999999897753e+00 2.061735601508077664e+00
6.889999999999897540e+00 2.061745477864669773e+00
6.899999999999897327e+00 2.061755175198296097e+00
6.909999999999897113e+00 2.061764696658332063e+00
6.919999999999896900e+00 2.061774045340434736e+00
6.929999999999896687e+00 2.061783224287422112e+00
6.939999999999896474e+00 2.061792236490140429e+00
6.949999999999896261e+00 2.061801084888316815e+00
6.959999999999896048e+00 2.061809772371399507e+00
6.969999999999895834e+00 2.061818301779384299e+00
6.979999999999895621e+00 2.061826675903629003e+00
6.989999999999895408e+00 2.061834897487654139e+00
6.999999999999895195e+00 2.061842969227932088e+00
7.009999999999894982e+00 2.061850893774663351e+00
7.019999999999894769e+00 2.061858673732540836e+00
7.029999999999894555e+00 2.061866311661501694e+00
7.039999999999894342e+00 2.061873810077468949e+00
7.049999999999894129e+00 2.061881171453078476e+00
7.059999999999893916e+00 2.061888398218398422e+00
7.069999999999893703e+00 2.061895492761633530e+00
7.079999999999893490e+00 2.061902457429821034e+00
7.089999999999893276e+00 2.061909294529514991e+00
7.099999999999893063e+00 2.061916006327457751e+00
7.109999999999892850e+00 2.061922595051244311e+00
7.119999999999892637e+00 2.061929062889973796e+00
7.129999999999892424e+00 2.061935411994890277e+00
7.139999999999892211e+00 2.061941644480015157e+00
7.149999999999891998e+00 2.061947762422768449e+00
7.159999999999891784e+00 2.061953767864580289e+00
7.169999999999891571e+00 2.061959662811493121e+00
7.179999999999891358e+00 2.061965449234752779e+00
7.189999999999891145e+00 2.061971129071392905e+00
7.199999999999890932e+00 2.061976704224806944e+00
7.209999999999890719e+00 2.061982176565313463e+00
7.219999999999890505e+00 2.061987547930711262e+00
7.229999999999890292e+00 2.061992820126825166e+00
7.239999999999890079e+00 2.061997994928044253e+00
7.249999999999889866e+00 2.062003074077850329e+00
7.259999999999889653e+00 2.062008059289338835e+00
7.269999999999889440e+00 2.062012952245730446e+00
7.279999999999889226e+00 2.062017754600875996e+00
7.289999999999889013e+00 2.062022467979750751e+00
7.299999999999888800e+00 2.062027093978942904e+00
7.309999999999888587e+00 2.062031634167133198e+00
7.319999999999888374e+00 2.062036090085567430e+00
7.329999999999888161e+00 2.062040463248520084e+00
7.339999999999887947e+00 2.062044755143751740e+00
7.349999999999887734e+00 2.062048967232958940e+00
7.359999999999887521e+00 2.062053100952216056e+00
7.369999999999887308e+00 2.062057157712409161e+00
7.379999999999887095e+00 2.062061138899665913e+00
7.389999999999886882e+00 2.062065045875775215e+00
7.399999999999886668e+00 2.062068879978601998e+00
7.409999999999886455e+00 2.062072642522493560e+00
7.419999999999886242e+00 2.062076334798681465e+00
7.429999999999886029e+00 2.062079958075675012e+00
7.439999999999885816e+00 2.062083513599649365e+00
7.449999999999885603e+00 2.062087002594825691e+00
7.459999999999885389e+00 2.062090426263847753e+00
7.469999999999885176e+00 2.062093785788150502e+00
7.479999999999884963e+00 2.062097082328322006e+00
7.489999999999884750e+00 2.062100317024461393e+00
7.499999999999884537e+00 2.062103490996529676e+00
7.509999999999884324e+00 2.062106605344694366e+00
7.519999999999884110e+00 2.062109661149670092e+00
7.529999999999883897e+00 2.062112659473051668e+00
7.539999999999883684e+00 2.062115601357643158e+00
7.549999999999883471e+00 2.062118487827780733e+00
7.559999999999883258e+00 2.062121319889649751e+00
7.569999999999883045e+00 2.062124098531598282e+00
7.579999999999882832e+00 2.062126824724443530e+00
7.589999999999882618e+00 2.062129499421774259e+00
7.599999999999882405e+00 2.062132123560248331e+00
7.609999999999882192e+00 2.062134698059884030e+00
7.619999999999881979e+00 2.062137223824348276e+00
7.629999999999881766e+00 2.062139701741238618e+00
7.639999999999881553e+00 2.062142132682361684e+00
7.649999999999881339e+00 2.062144517504005403e+00
7.659999999999881126e+00 2.062146857047209014e+00
7.669999999999880913e+00 2.062149152138026853e+00
7.679999999999880700e+00 2.062151403587786813e+00
7.689999999999880487e+00 2.062153612193347918e+00
7.699999999999880274e+00 2.062155778737349898e+00
7.709999999999880060e+00 2.062157903988460994e+00
7.719999999999879847e+00 2.062159988701620428e+00
7.729999999999879634e+00 2.062162033618277324e+00
7.739999999999879421e+00 2.062164039466625187e+00
7.749999999999879208e+00 2.062166006961833276e+00
7.759999999999878995e+00 2.062167936806272639e+00
7.769999999999878781e+00 2.062169829689739942e+00
7.779999999999878568e+00 2.062171686289676842e+00
7.789999999999878355e+00 2.062173507271385375e+00
7.799999999999878142e+00 2.062175293288239786e+00
7.809999999999877929e+00 2.062177044981895691e+00
7.819999999999877716e+00 2.062178762982493918e+00
7.829999999999877502e+00 2.062180447908863457e+00
7.839999999999877289e+00 2.062182100368717741e+00
7.849999999999877076e+00 2.062183720958850941e+00
7.859999999999876863e+00 2.062185310265328919e+00
7.869999999999876650e+00 2.062186868863676192e+00
7.879999999999876437e+00 2.062188397319062894e+00
7.889999999999876223e+00 2.062189896186485072e+00
7.899999999999876010e+00 2.062191366010944549e+00
7.909999999999875797e+00 2.062192807327623445e+00
7.919999999999875584e+00 2.062194220662058264e+00
7.929999999999875371e+00 2.062195606530308201e+00
7.939999999999875158e+00 2.062196965439123453e+00
7.949999999999874944e+00 2.062198297886108200e+00
7.959999999999874731e+00 2.062199604359882699e+00
7.969999999999874518e+00 2.062200885340241374e+00
7.979999999999874305e+00 2.062202141298307811e+00
7.989999999999874092e+00 2.062203372696689740e+00
7.999999999999873879e+00 2.062204579989628250e+00
8.009999999999873666e+00 2.062205763623145227e+00
8.019999999999873452e+00 2.062206924035190791e+00
8.029999999999873239e+00 2.062208061655784075e+00
8.039999999999873026e+00 2.062209176907154440e+00
8.049999999999872813e+00 2.062210270203880480e+00
8.059999999999872600e+00 2.062211341953024579e+00
8.069999999999872387e+00 2.062212392554266138e+00
8.079999999999872173e+00 2.062213422400033913e+00
8.089999999999871960e+00 2.062214431875633469e+00
8.099999999999871747e+00 2.062215421359374190e+00
8.109999999999871534e+00 2.062216391222694511e+00
8.119999999999871321e+00 2.062217341830283157e+00
8.129999999999871108e+00 2.062218273540199487e+00
8.139999999999870894e+00 2.062219186703992069e+00
8.149999999999870681e+00 2.062220081666814586e+00
8.159999999999870468e+00 2.062220958767539525e+00
8.169999999999870255e+00 2.062221818338870083e+00
8.179999999999870042e+00 2.062222660707451638e+00
8.189999999999869829e+00 2.062223486193978772e+00
8.199999999999869615e+00 2.062224295113301853e+00
8.209999999999869402e+00 2.062225087774531396e+00
8.219999999999869189e+00 2.062225864481141535e+00
8.229999999999868976e+00 2.062226625531070390e+00
8.239999999999868763e+00 2.062227371216819094e+00
8.249999999999868550e+00 2.062228101825549498e+00
8.259999999999868336e+00 2.062228817639180534e+00
8.269999999999868123e+00 2.062229518934481032e+00
8.279999999999867910e+00 2.062230205983162978e+00
8.289999999999867697e+00 2.062230879051972998e+00
8.299999999999867484e+00 2.062231538402779840e+00
8.309999999999867271e+00 2.062232184292664527e+00
8.319999999999867057e+00 2.062232816974004290e+00
8.329999999999866844e+00 2.062233436694558275e+00
8.339999999999866631e+00 2.062234043697551034e+00
8.349999999999866418e+00 2.062234638221754235e+00
8.359999999999866205e+00 2.062235220501566157e+00
8.369999999999865992e+00 2.062235790767091625e+00
8.379999999999865778e+00 2.062236349244219280e+00
8.389999999999865565e+00 2.062236896154697074e+00
8.399999999999865352e+00 2.062237431716208658e+00
8.409999999999865139e+00 2.062237956142445761e+00
8.419999999999864926e+00 2.062238469643180139e+00
8.429999999999864713e+00 2.062238972424336403e+00
8.439999999999864500e+00 2.062239464688059520e+00
8.449999999999864286e+00 2.062239946632784982e+00
8.459999999999864073e+00 2.062240418453306301e+00
8.469999999999863860e+00 2.062240880340839411e+00
8.479999999999863647e+00 2.062241332483089273e+00
8.489999999999863434e+00 2.062241775064313387e+00
8.499999999999863221e+00 2.062242208265384846e+00
8.509999999999863007e+00 2.062242632263852737e+00
8.519999999999862794e+00 2.062243047234003868e+00
8.529999999999862581e+00 2.062243453346922717e+00
8.539999999999862368e+00 2.062243850770547837e+00
8.549999999999862155e+00 2.062244239669731805e+00
8.559999999999861942e+00 2.062244620206295398e+00
8.569999999999861728e+00 2.062244992539084887e+00
8.579999999999861515e+00 2.062245356824025766e+00
8.589999999999861302e+00 2.062245713214175158e+00
8.599999999999861089e+00 2.062246061859776436e+00
8.609999999999860876e+00 2.062246402908309406e+00
8.619999999999860663e+00 2.062246736504541378e+00
8.629999999999860449e+00 2.062247062790576901e+00
8.639999999999860236e+00 2.062247381905907506e+00
8.649999999999860023e+00 2.062247693987458774e+00
8.659999999999859810e+00 2.062247999169637858e+00
8.669999999999859597e+00 2.062248297584380108e+00
8.679999999999859384e+00 2.062248589361194817e+00
8.689999999999859170e+00 2.062248874627209627e+00
8.699999999999858957e+00 2.062249153507214494e+00
8.709999999999858744e+00 2.062249426123706098e+00
8.719999999999858531e+00 2.062249692596928252e+00
8.729999999999858318e+00 2.062249953044914985e+00
8.739999999999858105e+00 2.062250207583531392e+00
8.749999999999857891e+00 2.062250456326514492e+00
8.759999999999857678e+00 2.062250699385510977e+00
8.769999999999857465e+00 2.062250936870117624e+00
8.779999999999857252e+00 2.062251168887919484e+00
8.789999999999857039e+00 2.062251395544526300e+00
8.799999999999856826e+00 2.062251616943610255e+00
8.809999999999856612e+00 2.062251833186941941e+00
8.819999999999856399e+00 2.062252044374426330e+00
8.829999999999856186e+00 2.062252250604136528e+00
8.839999999999855973e+00 2.062252451972349299e+00
8.849999999999855760e+00 2.062252648573578373e+00
8.859999999999855547e+00 2.062252840500607753e+00
8.869999999999855333e+00 2.062253027844523245e+00
8.879999999999855120e+00 2.062253210694746208e+00
8.889999999999854907e+00 2.062253389139063753e+00
8.899999999999854694e+00 2.062253563263659828e+00
8.909999999999854481e+00 2.062253733153145419e+00
8.919999999999854268e+00 2.062253898890588744e+00
8.929999999999854055e+00 2.062254060557544566e+00
8.939999999999853841e+00 2.062254218234082170e+00
8.949999999999853628e+00 2.062254371998814229e+00
8.959999999999853415e+00 2.062254521928925222e+00
8.969999999999853202e+00 2.062254668100197641e+00
8.979999999999852989e+00 2.062254810587038634e+00
8.989999999999852776e+00 2.062254949462507980e+00
8.999999999999852562e+00 2.062255084798341631e+00
9.009999999999852349e+00 2.062255216664979240e+00
9.019999999999852136e+00 2.062255345131588591e+00
9.029999999999851923e+00 2.062255470266089130e+00
9.039999999999851710e+00 2.062255592135176840e+00
9.049999999999851497e+00 2.062255710804348663e+00
9.059999999999851283e+00 2.062255826337925146e+00
9.069999999999851070e+00 2.062255938799072652e+00
9.079999999999850857e+00 2.062256048249827334e+00
9.089999999999850644e+00 2.062256154751116011e+00
9.099999999999850431e+00 2.062256258362778372e+00
9.109999999999850218e+00 2.062256359143589179e+00
9.119999999999850004e+00 2.062256457151277811e+00
9.129999999999849791e+00 2.062256552442549573e+00
9.139999999999849578e+00 2.062256645073106576e+00
9.149999999999849365e+00 2.062256735097666827e+00
9.159999999999849152e+00 2.062256822569984216e+00
9.169999999999848939e+00 2.062256907542868056e+00
9.179999999999848725e+00 2.062256990068201734e+00
9.189999999999848512e+00 2.062257070196961362e+00
9.199999999999848299e+00 2.062257147979233984e+00
9.209999999999848086e+00 2.062257223464236233e+00
9.219999999999847873e+00 2.062257296700331644e+00
9.229999999999847660e+00 2.062257367735047975e+00
9.239999999999847446e+00 2.062257436615094530e+00
9.249999999999847233e+00 2.062257503386379032e+00
9.259999999999847020e+00 2.062257568094024052e+00
9.269999999999846807e+00 2.062257630782383444e+00
9.279999999999846594e+00 2.062257691495058776e+00
9.289999999999846381e+00 2.062257750274914425e+00
9.299999999999846167e+00 2.062257807164093570e+00
9.309999999999845954e+00 2.062257862204033732e+00
9.319999999999845741e+00 2.062257915435480982e+00
9.329999999999845528e+00 2.062257966898505490e+00
9.339999999999845315e+00 2.062258016632515734e+00
9.349999999999845102e+00 2.062258064676273595e+00
9.359999999999844889e+00 2.062258111067907240e+00
9.369999999999844675e+00 2.062258155844925778e+00
9.379999999999844462e+00 2.062258199044232576e+00
9.389999999999844249e+00 2.062258240702139922e+00
9.399999999999844036e+00 2.062258280854380565e+00
9.409999999999843823e+00 2.062258319536121487e+00
9.419999999999843610e+00 2.062258356781977664e+00
9.429999999999843396e+00 2.062258392626023618e+00
9.439999999999843183e+00 2.062258427101806291e+00
9.449999999999842970e+00 2.062258460242357039e+00
9.459999999999842757e+00 2.062258492080204508e+00
9.469999999999842544e+00 2.062258522647386183e+00
9.479999999999842331e+00 2.062258551975460374e+00
9.489999999999842117e+00 2.062258580095516880e+00
9.499999999999841904e+00 2.062258607038189862e+00
9.509999999999841691e+00 2.062258632833668504e+00
9.519999999999841478e+00 2.062258657511707671e+00
9.529999999999841265e+00 2.062258681101639901e+00
9.539999999999841052e+00 2.062258703632386059e+00
9.549999999999840838e+00 2.062258725132465109e+00
9.559999999999840625e+00 2.062258745630005219e+00
9.569999999999840412e+00 2.062258765152755302e+00
9.579999999999840199e+00 2.062258783728093459e+00
9.589999999999839986e+00 2.062258801383038520e+00
9.599999999999839773e+00 2.062258818144259376e+00
9.609999999999839559e+00 2.062258834038085187e+00
9.619999999999839346e+00 2.062258849090515600e+00
9.629999999999839133e+00 2.062258863327229186e+00
9.639999999999838920e+00 2.062258876773594984e+00
9.649999999999838707e+00 2.062258889454680055e+00
9.659999999999838494e+00 2.062258901395259691e+00
9.669999999999838280e+00 2.062258912619827189e+00
9.679999999999838067e+00 2.062258923152601842e+00
9.689999999999837854e+00 2.062258933017539597e+00
9.699999999999837641e+00 2.062258942238340609e+00
9.709999999999837428e+00 2.062258950838459004e+00
9.719999999999837215e+00 2.062258958841111323e+00
9.729999999999837001e+00 2.062258966269285843e+00
9.739999999999836788e+00 2.062258973145750129e+00
9.749999999999836575e+00 2.062258979493060362e+00
9.759999999999836362e+00 2.062258985333570660e+00
9.769999999999836149e+00 2.062258990689439742e+00
9.779999999999835936e+00 2.062258995582640697e+00
9.789999999999835723e+00 2.062259000034968981e+00
9.799999999999835509e+00 2.062259004068050405e+00
9.809999999999835296e+00 2.062259007703349578e+00
9.819999999999835083e+00 2.062259010962178341e+00
9.829999999999834870e+00 2.062259013865703761e+00
9.839999999999834657e+00 2.062259016434955239e+00
9.849999999999834444e+00 2.062259018690834278e+00
9.859999999999834230e+00 2.062259020654121144e+00
9.869999999999834017e+00 2.062259022345482862e+00
9.879999999999833804e+00 2.062259023785482093e+00
9.889999999999833591e+00 2.062259024994584244e+00
9.899999999999833378e+00 2.062259025993165018e+00
9.909999999999833165e+00 2.062259026801519735e+00
9.919999999999832951e+00 2.062259027439869108e+00
9.929999999999832738e+00 2.062259027928368571e+00
9.939999999999832525e+00 2.062259028287115381e+00
9.949999999999832312e+00 2.062259028536156613e+00
9.959999999999832099e+00 2.062259028695496266e+00
9.969999999999831886e+00 2.062259028785104586e+00
9.979999999999831672e+00 2.062259028824924290e+00
9.989999999999831459e+00 2.062259028834878105e+00
9.999999999999831246e+00 2.062259028834878105e+00
1.000000000000000000e+01 2.062259028834878105e+00
