1.000000000000000021e-02 0.000000000000000000e+00
2.000000000000000042e-02 2.556360741564050806e-16
2.999999999999999889e-02 6.790318874493060302e-15
4.000000000000000083e-02 7.209571444906865523e-14
5.000000000000000278e-02 4.615196900575178092e-13
6.000000000000000472e-02 2.134957366325315438e-12
7.000000000000000666e-02 7.872027037101685310e-12
8.000000000000000167e-02 2.454456211977225023e-11
8.999999999999999667e-02 6.725139099336233647e-11
9.999999999999999167e-02 1.662756032707815492e-10
1.099999999999999867e-01 3.781013108981509628e-10
1.199999999999999817e-01 8.020327758464961338e-10
1.299999999999999767e-01 1.604290866368619205e-09
1.399999999999999856e-01 3.051817007376858936e-09
1.499999999999999944e-01 5.558389736332631426e-09
1.600000000000000033e-01 9.746050056856693948e-09
1.700000000000000122e-01 1.652523517663098263e-08
1.800000000000000211e-01 2.719743191180670521e-08
1.900000000000000300e-01 4.358457685862882832e-08
2.000000000000000389e-01 6.818984605556622262e-08
2.100000000000000477e-01 1.043948878536630346e-07
2.200000000000000566e-01 1.566989545611674647e-07
2.300000000000000655e-01 2.310057765556487219e-07
2.400000000000000744e-01 3.349643923596606981e-07
2.500000000000000555e-01 4.783704950530174436e-07
2.600000000000000644e-01 6.736351747758928792e-07
2.700000000000000733e-01 9.363282244538198552e-07
2.800000000000000822e-01 1.285803426831521206e-06
2.900000000000000910e-01 1.745913451142256291e-06
3.000000000000000999e-01 2.345822153119219304e-06
3.100000000000001088e-01 3.120922188612139772e-06
3.200000000000001177e-01 4.113865915051349502e-06
3.300000000000001266e-01 5.375717562885833000e-06
3.400000000000001354e-01 6.967234607657615034e-06
3.500000000000001443e-01 8.960286159598487940e-06
3.600000000000001532e-01 1.143941600889714570e-05
3.700000000000001621e-01 1.450355771877386166e-05
3.800000000000001710e-01 1.826790884326419300e-05
3.900000000000001799e-01 2.286597096058162260e-05
4.000000000000001887e-01 2.845176175492904186e-05
4.100000000000001976e-01 3.520220484890466386e-05
4.200000000000002065e-01 4.331970248487378877e-05
4.300000000000002154e-01 5.303489547697361303e-05
4.400000000000002243e-01 6.460961410635847519e-05
4.500000000000002331e-01 7.834002281191678298e-05
4.600000000000002420e-01 9.455996063850911578e-05
4.700000000000002509e-01 1.136444784467762007e-04
4.800000000000002598e-01 1.360135728652093849e-04
4.900000000000002687e-01 1.621361158794091032e-04
5.000000000000002220e-01 1.925339778086952269e-04
5.100000000000002309e-01 2.277863402203675889e-04
5.200000000000002398e-01 2.685341940812967839e-04
5.300000000000002487e-01 3.154850171499625541e-04
5.400000000000002576e-01 3.694176232747959547e-04
5.500000000000002665e-01 4.311871748923968195e-04
5.600000000000002753e-01 5.017303486179782715e-04
5.700000000000002842e-01 5.820706423967033933e-04
5.800000000000002931e-01 6.733238112452787213e-04
5.900000000000003020e-01 7.767034171654311125e-04
6.000000000000003109e-01 8.935264773622389944e-04
6.100000000000003197e-01 1.025219193458493539e-03
6.200000000000003286e-01 1.173322742969397240e-03
6.300000000000003375e-01 1.339499112898230983e-03
6.400000000000003464e-01 1.525536953941606993e-03
6.500000000000003553e-01 1.733357432461184525e-03
6.600000000000003642e-01 1.965020056095994651e-03
6.700000000000003730e-01 2.222728447664579221e-03
6.800000000000003819e-01 2.508836040847845037e-03
6.900000000000003908e-01 2.825851670060650512e-03
7.000000000000003997e-01 3.176445025921443340e-03
7.100000000000004086e-01 3.563451946823360198e-03
7.200000000000004174e-01 3.989879516305582484e-03
7.300000000000004263e-01 4.458910935228641015e-03
7.400000000000004352e-01 4.973910137179809836e-03
7.500000000000004441e-01 5.538426115082378462e-03
7.600000000000004530e-01 6.156196926662783897e-03
7.700000000000004619e-01 6.831153346249200717e-03
7.800000000000004707e-01 7.567422130340684290e-03
7.900000000000004796e-01 8.369328864503228216e-03
8.000000000000004885e-01 9.241400359423466992e-03
8.100000000000004974e-01 1.018836656438695289e-02
8.200000000000005063e-01 1.121516196705002813e-02
8.300000000000005151e-01 1.232692644914551612e-02
8.400000000000005240e-01 1.352900556870547701e-02
8.500000000000005329e-01 1.482695024050068380e-02
8.600000000000005418e-01 1.622651578768732894e-02
8.700000000000005507e-01 1.773366033911662198e-02
8.800000000000005596e-01 1.935454254840154875e-02
8.900000000000005684e-01 2.109551861264527192e-02
9.000000000000005773e-01 2.296313857071445932e-02
9.100000000000005862e-01 2.496414186308461985e-02
9.200000000000005951e-01 2.710545213758808886e-02
9.300000000000006040e-01 2.939417128785306449e-02
9.400000000000006128e-01 3.183757271382684634e-02
9.500000000000006217e-01 3.444309379652029518e-02
9.600000000000006306e-01 3.721832758198447694e-02
9.700000000000006395e-01 4.017101367252449984e-02
9.800000000000006484e-01 4.330902832625843635e-02
9.900000000000006573e-01 4.664037376932941847e-02
1.000000000000000666e+00 5.017316672836297925e-02
1.010000000000000675e+00 5.391562619411616186e-02
1.020000000000000684e+00 5.787606043067502343e-02
1.030000000000000693e+00 6.206285324800725478e-02
1.040000000000000702e+00 6.648444955915104593e-02
1.050000000000000711e+00 7.114934024680287517e-02
1.060000000000000719e+00 7.606604636753834525e-02
1.070000000000000728e+00 8.124310272534386590e-02
1.080000000000000737e+00 8.668904084953452105e-02
1.090000000000000746e+00 9.241237141546645995e-02
1.100000000000000755e+00 9.842156614970208606e-02
1.110000000000000764e+00 1.047250392644342720e-01
1.120000000000000773e+00 1.113311284690032127e-01
1.130000000000000782e+00 1.182480756092283980e-01
1.140000000000000790e+00 1.254840069880093500e-01
1.150000000000000799e+00 1.330469134232053485e-01
1.160000000000000808e+00 1.409446301011693103e-01
1.170000000000000817e+00 1.491848162864665150e-01
1.180000000000000826e+00 1.577749349502408360e-01
1.190000000000000835e+00 1.667222323813842277e-01
1.200000000000000844e+00 1.760337178461043595e-01
1.210000000000000853e+00 1.857161433626606239e-01
1.220000000000000862e+00 1.957759836589360869e-01
1.230000000000000870e+00 2.062194163811245928e-01
1.240000000000000879e+00 2.170523026221278240e-01
1.250000000000000888e+00 2.282801678382717636e-01
1.260000000000000897e+00 2.399081832226582500e-01
1.270000000000000906e+00 2.519411476028633468e-01
1.280000000000000915e+00 2.643834699297778479e-01
1.290000000000000924e+00 2.772391524231543891e-01
1.300000000000000933e+00 2.905117744378869493e-01
1.310000000000000941e+00 3.042044771131989789e-01
1.320000000000000950e+00 3.183199488647683872e-01
1.330000000000000959e+00 3.328604117773734661e-01
1.340000000000000968e+00 3.478276089529151460e-01
1.350000000000000977e+00 3.632227928656684979e-01
1.360000000000000986e+00 3.790467147733527775e-01
1.370000000000000995e+00 3.952996152290984000e-01
1.380000000000001004e+00 4.119812157356482762e-01
1.390000000000001013e+00 4.290907115791762760e-01
1.400000000000001021e+00 4.466267658759571768e-01
1.410000000000001030e+00 4.645875048608000824e-01
1.420000000000001039e+00 4.829705144416819307e-01
1.430000000000001048e+00 5.017728380404121724e-01
1.440000000000001057e+00 5.209909757344487469e-01
1.450000000000001066e+00 5.406208847101890980e-01
1.460000000000001075e+00 5.606579810332072977e-01
1.470000000000001084e+00 5.810971427360225317e-01
1.480000000000001092e+00 6.019327142190874502e-01
1.490000000000001101e+00 6.231585119558081809e-01
1.500000000000001110e+00 6.447678314875725514e-01
1.510000000000001119e+00 6.667534556899918918e-01
1.520000000000001128e+00 6.891076642868860791e-01
1.530000000000001137e+00 7.118222445839779144e-01
1.540000000000001146e+00 7.348885033898369112e-01
1.550000000000001155e+00 7.582972800873484243e-01
1.560000000000001164e+00 7.820389608148992089e-01
1.570000000000001172e+00 8.061034937125848288e-01
1.580000000000001181e+00 8.304804051850815938e-01
1.590000000000001190e+00 8.551588171293926788e-01
1.600000000000001199e+00 8.801274650725016135e-01
1.610000000000001208e+00 9.053747171610513345e-01
1.620000000000001217e+00 9.308885939425288747e-01
1.630000000000001226e+00 9.566567888750872051e-01
1.640000000000001235e+00 9.826666895010779390e-01
1.650000000000001243e+00 1.008905399217618237e+00
1.660000000000001252e+00 1.035359759576067074e+00
1.670000000000001261e+00 1.062016373041149153e+00
1.680000000000001270e+00 1.088861626139638883e+00
1.690000000000001279e+00 1.115881712927999869e+00
1.700000000000001288e+00 1.143062658708166257e+00
1.710000000000001297e+00 1.170390343920742593e+00
1.720000000000001306e+00 1.197850528145293580e+00
1.730000000000001315e+00 1.225428874138069002e+00
1.740000000000001323e+00 1.253110971838471199e+00
1.750000000000001332e+00 1.280882362276800412e+00
1.760000000000001341e+00 1.308728561317299866e+00
1.770000000000001350e+00 1.336635083172252658e+00
1.780000000000001359e+00 1.364587463624846508e+00
1.790000000000001368e+00 1.392571282900697316e+00
1.800000000000001377e+00 1.420572188130304392e+00
1.810000000000001386e+00 1.448575915347265930e+00
1.820000000000001394e+00 1.476568310969814446e+00
1.830000000000001403e+00 1.504535352716107610e+00
1.840000000000001412e+00 1.532463169906713496e+00
1.850000000000001421e+00 1.560338063110852991e+00
1.860000000000001430e+00 1.588146523096172880e+00
1.870000000000001439e+00 1.615875249045114925e+00
1.880000000000001448e+00 1.643511166004296475e+00
1.890000000000001457e+00 1.671041441536706307e+00
1.900000000000001465e+00 1.698453501549934463e+00
1.910000000000001474e+00 1.725735045277075663e+00
1.920000000000001483e+00 1.752874059390356232e+00
1.930000000000001492e+00 1.779858831230922034e+00
1.940000000000001501e+00 1.806677961141569755e+00
1.950000000000001510e+00 1.833320373892497912e+00
1.960000000000001519e+00 1.859775329193377624e+00
1.970000000000001528e+00 1.886032431288189093e+00
1.980000000000001537e+00 1.912081637632323750e+00
1.990000000000001545e+00 1.937913266654405664e+00
2.000000000000001332e+00 1.963518004608122425e+00
2.010000000000001119e+00 1.988886911522083745e+00
2.020000000000000906e+00 2.014011426258311310e+00
2.030000000000000693e+00 2.038883370692429420e+00
2.040000000000000480e+00 2.063494953030942103e+00
2.050000000000000266e+00 2.087838770283159118e+00
2.060000000000000053e+00 2.111907809907355826e+00
2.069999999999999840e+00 2.135695450652637550e+00
2.079999999999999627e+00 2.159195462619691419e+00
2.089999999999999414e+00 2.182402006565186792e+00
2.099999999999999201e+00 2.205309632475997983e+00
2.109999999999998987e+00 2.227913277440684681e+00
2.119999999999998774e+00 2.250208262846780993e+00
2.129999999999998561e+00 2.272190290933400192e+00
2.139999999999998348e+00 2.293855440729480666e+00
2.149999999999998135e+00 2.315200163408664746e+00
2.159999999999997922e+00 2.336221277092339399e+00
2.169999999999997708e+00 2.356915961132754589e+00
2.179999999999997495e+00 2.377281749908407793e+00
2.189999999999997282e+00 2.397316526164018136e+00
2.199999999999997069e+00 2.417018513927430501e+00
2.209999999999996856e+00 2.436386271035700268e+00
2.219999999999996643e+00 2.455418681302402373e+00
2.229999999999996430e+00 2.474114946357904632e+00
2.239999999999996216e+00 2.492474577193943386e+00
2.249999999999996003e+00 2.510497385443351437e+00
2.259999999999995790e+00 2.528183474425214516e+00
2.269999999999995577e+00 2.545533229985086354e+00
2.279999999999995364e+00 2.562547311159173891e+00
2.289999999999995151e+00 2.579226640690622574e+00
2.299999999999994937e+00 2.595572395425197687e+00
2.309999999999994724e+00 2.611585996612770355e+00
2.319999999999994511e+00 2.627269100140084745e+00
2.329999999999994298e+00 2.642623586719313522e+00
2.339999999999994085e+00 2.657651552055913413e+00
2.349999999999993872e+00 2.672355297018257581e+00
2.359999999999993658e+00 2.686737317830480976e+00
2.369999999999993445e+00 2.700800296308903725e+00
2.379999999999993232e+00 2.714547090161331777e+00
2.389999999999993019e+00 2.727980723367440241e+00
2.399999999999992806e+00 2.741104376657374608e+00
2.409999999999992593e+00 2.753921378104616124e+00
2.419999999999992379e+00 2.766435193848087337e+00
2.429999999999992166e+00 2.778649418957407580e+00
2.439999999999991953e+00 2.790567768454155662e+00
2.449999999999991740e+00 2.802194068500966750e+00
2.459999999999991527e+00 2.813532247769270800e+00
2.469999999999991314e+00 2.824586328995485562e+00
2.479999999999991100e+00 2.835360420734511777e+00
2.489999999999990887e+00 2.845858709318428215e+00
2.499999999999990674e+00 2.856085451027375210e+00
2.509999999999990461e+00 2.866044964478719148e+00
2.519999999999990248e+00 2.875741623239749689e+00
2.529999999999990035e+00 2.885179848668320446e+00
2.539999999999989821e+00 2.894364102985069742e+00
2.549999999999989608e+00 2.903298882580086726e+00
2.559999999999989395e+00 2.911988711556179332e+00
2.569999999999989182e+00 2.920438135510201594e+00
2.579999999999988969e+00 2.928651715553250767e+00
2.589999999999988756e+00 2.936634022569924785e+00
2.599999999999988542e+00 2.944389631716246569e+00
2.609999999999988329e+00 2.951923117155318632e+00
2.619999999999988116e+00 2.959239047029248226e+00
2.629999999999987903e+00 2.966341978665409496e+00
2.639999999999987690e+00 2.973236454014661856e+00
2.649999999999987477e+00 2.979926995318727290e+00
2.659999999999987264e+00 2.986418101003549541e+00
2.669999999999987050e+00 2.992714241795103369e+00
2.679999999999986837e+00 2.998819857053808047e+00
2.689999999999986624e+00 3.004739351323403529e+00
2.699999999999986411e+00 3.010477091089883039e+00
2.709999999999986198e+00 3.016037401745851554e+00
2.719999999999985985e+00 3.021424564755457176e+00
2.729999999999985771e+00 3.026642815014869647e+00
2.739999999999985558e+00 3.031696338403120805e+00
2.749999999999985345e+00 3.036589269517981471e+00
2.759999999999985132e+00 3.041325689591439119e+00
2.769999999999984919e+00 3.045909624579253627e+00
2.779999999999984706e+00 3.050345043418988045e+00
2.789999999999984492e+00 3.054635856450865106e+00
2.799999999999984279e+00 3.058785913995763384e+00
2.809999999999984066e+00 3.062799005084645643e+00
2.819999999999983853e+00 3.066678856333718173e+00
2.829999999999983640e+00 3.070429130959619890e+00
2.839999999999983427e+00 3.074053427928978621e+00
2.849999999999983213e+00 3.077555281236702633e+00
2.859999999999983000e+00 3.080938159307427426e+00
2.869999999999982787e+00 3.084205464514601314e+00
2.879999999999982574e+00 3.087360532811765701e+00
2.889999999999982361e+00 3.090406633470659692e+00
2.899999999999982148e+00 3.093346968920876350e+00
2.909999999999981934e+00 3.096184674685888094e+00
2.919999999999981721e+00 3.098922819410363072e+00
2.929999999999981508e+00 3.101564404973802258e+00
2.939999999999981295e+00 3.104112366685643831e+00
2.949999999999981082e+00 3.106569573557098174e+00
2.959999999999980869e+00 3.108938828645095409e+00
2.969999999999980655e+00 3.111222869463859730e+00
2.979999999999980442e+00 3.113424368459751346e+00
2.989999999999980229e+00 3.115545933545142088e+00
2.999999999999980016e+00 3.117590108687231520e+00
3.009999999999979803e+00 3.119559374547836939e+00
3.019999999999979590e+00 3.121456149170329653e+00
3.029999999999979376e+00 3.123282788710021851e+00
3.039999999999979163e+00 3.125041588204444665e+00
3.049999999999978950e+00 3.126734782380089950e+00
3.059999999999978737e+00 3.128364546492325982e+00
3.069999999999978524e+00 3.129932997195326472e+00
3.079999999999978311e+00 3.131442193438982002e+00
3.089999999999978098e+00 3.132894137389899747e+00
3.099999999999977884e+00 3.134290775373715476e+00
3.109999999999977671e+00 3.135633998836078185e+00
3.119999999999977458e+00 3.136925645319780021e+00
3.129999999999977245e+00 3.138167499455637444e+00
3.139999999999977032e+00 3.139361293964837429e+00
3.149999999999976819e+00 3.140508710670586900e+00
3.159999999999976605e+00 3.141611381517012358e+00
3.169999999999976392e+00 3.142670889593370376e+00
3.179999999999976179e+00 3.143688770161732204e+00
3.189999999999975966e+00 3.144666511686418531e+00
3.199999999999975753e+00 3.145605556863552810e+00
3.209999999999975540e+00 3.146507303649208609e+00
3.219999999999975326e+00 3.147373106284713451e+00
3.229999999999975113e+00 3.148204276317773331e+00
3.239999999999974900e+00 3.149002083618160697e+00
3.249999999999974687e+00 3.149767757386804146e+00
3.259999999999974474e+00 3.150502487157194498e+00
3.269999999999974261e+00 3.151207423788104922e+00
3.279999999999974047e+00 3.151883680446696090e+00
3.289999999999973834e+00 3.152532333581155033e+00
3.299999999999973621e+00 3.153154423882085222e+00
3.309999999999973408e+00 3.153750957231927554e+00
3.319999999999973195e+00 3.154322905641768315e+00
3.329999999999972982e+00 3.154871208174938157e+00
3.339999999999972768e+00 3.155396771856875837e+00
3.349999999999972555e+00 3.155900472570779325e+00
3.359999999999972342e+00 3.156383155938624618e+00
3.369999999999972129e+00 3.156845638187179226e+00
3.379999999999971916e+00 3.157288706998692351e+00
3.389999999999971703e+00 3.157713122345978896e+00
3.399999999999971489e+00 3.158119617311667238e+00
3.409999999999971276e+00 3.158508898891415395e+00
3.419999999999971063e+00 3.158881648780943685e+00
3.429999999999970850e+00 3.159238524146760874e+00
3.439999999999970637e+00 3.159580158380504766e+00
3.449999999999970424e+00 3.159907161836838174e+00
3.459999999999970210e+00 3.160220122554884714e+00
3.469999999999969997e+00 3.160519606963204442e+00
3.479999999999969784e+00 3.160806160568345291e+00
3.489999999999969571e+00 3.161080308627021829e+00
3.499999999999969358e+00 3.161342556802006154e+00
3.509999999999969145e+00 3.161593391801825081e+00
3.519999999999968932e+00 3.161833282004385737e+00
3.529999999999968718e+00 3.162062678064669008e+00
3.539999999999968505e+00 3.162282013506639622e+00
3.549999999999968292e+00 3.162491705299546929e+00
3.559999999999968079e+00 3.162692154418795809e+00
3.569999999999967866e+00 3.162883746391584872e+00
3.579999999999967653e+00 3.163066851827518899e+00
3.589999999999967439e+00 3.163241826934412249e+00
3.599999999999967226e+00 3.163409014019508358e+00
3.609999999999967013e+00 3.163568741976351628e+00
3.619999999999966800e+00 3.163721326757553687e+00
3.629999999999966587e+00 3.163867071833698308e+00
3.639999999999966374e+00 3.164006268638644315e+00
3.649999999999966160e+00 3.164139197001479165e+00
3.659999999999965947e+00 3.164266125565387444e+00
3.669999999999965734e+00 3.164387312193698953e+00
3.679999999999965521e+00 3.164503004363384608e+00
3.689999999999965308e+00 3.164613439546267948e+00
3.699999999999965095e+00 3.164718845578223583e+00
3.709999999999964881e+00 3.164819441016633039e+00
3.719999999999964668e+00 3.164915435486371997e+00
3.729999999999964455e+00 3.165007030014594491e+00
3.739999999999964242e+00 3.165094417354591627e+00
3.749999999999964029e+00 3.165177782298986831e+00
3.759999999999963816e+00 3.165257301982539850e+00
3.769999999999963602e+00 3.165333146174822421e+00
3.779999999999963389e+00 3.165405477563031145e+00
3.789999999999963176e+00 3.165474452025196506e+00
3.799999999999962963e+00 3.165540218894046465e+00
3.809999999999962750e+00 3.165602921211781329e+00
3.819999999999962537e+00 3.165662695976006802e+00
3.829999999999962323e+00 3.165719674377081017e+00
3.839999999999962110e+00 3.165773982027112243e+00
3.849999999999961897e+00 3.165825739180852860e+00
3.859999999999961684e+00 3.165875060948723174e+00
3.869999999999961471e+00 3.165922057502202236e+00
3.879999999999961258e+00 3.165966834271809027e+00
3.889999999999961044e+00 3.166009492137900061e+00
3.899999999999960831e+00 3.166050127614504550e+00
3.909999999999960618e+00 3.166088833026411198e+00
3.919999999999960405e+00 3.166125696679716217e+00
3.929999999999960192e+00 3.166160803026041748e+00
3.939999999999959979e+00 3.166194232820624510e+00
3.949999999999959766e+00 3.166226063274470981e+00
3.959999999999959552e+00 3.166256368200774940e+00
3.969999999999959339e+00 3.166285218155781678e+00
3.979999999999959126e+00 3.166312680574284055e+00
3.989999999999958913e+00 3.166338819899931156e+00
3.999999999999958700e+00 3.166363697710519620e+00
4.009999999999958931e+00 3.166387372838441294e+00
4.019999999999958717e+00 3.166409901486449741e+00
4.029999999999958504e+00 3.166431337338909469e+00
4.039999999999958291e+00 3.166451731668681990e+00
4.049999999999958078e+00 3.166471133439801910e+00
4.059999999999957865e+00 3.166489589406090932e+00
4.069999999999957652e+00 3.166507144205853219e+00
4.079999999999957438e+00 3.166523840452793781e+00
4.089999999999957225e+00 3.166539718823291327e+00
4.099999999999957012e+00 3.166554818140160599e+00
4.109999999999956799e+00 3.166569175453031182e+00
4.119999999999956586e+00 3.166582826115464044e+00
4.129999999999956373e+00 3.166595803858930136e+00
4.139999999999956160e+00 3.166608140863762522e+00
4.149999999999955946e+00 3.166619867827197066e+00
4.159999999999955733e+00 3.166631014028611801e+00
4.169999999999955520e+00 3.166641607392066238e+00
4.179999999999955307e+00 3.166651674546247186e+00
4.189999999999955094e+00 3.166661240881917472e+00
4.199999999999954881e+00 3.166670330606963457e+00
4.209999999999954667e+00 3.166678966799132855e+00
4.219999999999954454e+00 3.166687171456554761e+00
4.229999999999954241e+00 3.166694965546122287e+00
4.239999999999954028e+00 3.166702369049829269e+00
4.249999999999953815e+00 3.166709401009134339e+00
4.259999999999953602e+00 3.166716079567432285e+00
4.269999999999953388e+00 3.166722422010709082e+00
4.279999999999953175e+00 3.166728444806450771e+00
4.289999999999952962e+00 3.166734163640876343e+00
4.299999999999952749e+00 3.166739593454563906e+00
4.309999999999952536e+00 3.166744748476529647e+00
4.319999999999952323e+00 3.166749642256828867e+00
4.329999999999952109e+00 3.166754287697733705e+00
4.339999999999951896e+00 3.166758697083547514e+00
4.349999999999951683e+00 3.166762882109113608e+00
4.359999999999951470e+00 3.166766853907067691e+00
4.369999999999951257e+00 3.166770623073890345e+00
4.379999999999951044e+00 3.166774199694805336e+00
4.389999999999950830e+00 3.166777593367575694e+00
4.399999999999950617e+00 3.166780813225239744e+00
4.409999999999950404e+00 3.166783867957833287e+00
4.419999999999950191e+00 3.166786765833141892e+00
4.429999999999949978e+00 3.166789514716520149e+00
4.439999999999949765e+00 3.166792122089823192e+00
4.449999999999949551e+00 3.166794595069482021e+00
4.459999999999949338e+00 3.166796940423764362e+00
4.469999999999949125e+00 3.166799164589250815e+00
4.479999999999948912e+00 3.166801273686566720e+00
4.489999999999948699e+00 3.166803273535393259e+00
4.499999999999948486e+00 3.166805169668797770e+00
4.509999999999948272e+00 3.166806967346904589e+00
4.519999999999948059e+00 3.166808671569941502e+00
4.529999999999947846e+00 3.166810287090685350e+00
4.539999999999947633e+00 3.166811818426335634e+00
4.549999999999947420e+00 3.166813269869836134e+00
4.559999999999947207e+00 3.166814645500677372e+00
4.569999999999946994e+00 3.166815949195193713e+00
4.579999999999946780e+00 3.166817184636384397e+00
4.589999999999946567e+00 3.166818355323274048e+00
4.599999999999946354e+00 3.166819464579839316e+00
4.609999999999946141e+00 3.166820515563514959e+00
4.619999999999945928e+00 3.166821511273302470e+00
4.629999999999945715e+00 3.166822454557496780e+00
4.639999999999945501e+00 3.166823348121047932e+00
4.649999999999945288e+00 3.166824194532578129e+00
4.659999999999945075e+00 3.166824996231063949e+00
4.669999999999944862e+00 3.166825755532202358e+00
4.679999999999944649e+00 3.166826474634475641e+00
4.689999999999944436e+00 3.166827155624926338e+00
4.699999999999944222e+00 3.166827800484656841e+00
4.709999999999944009e+00 3.166828411094067430e+00
4.719999999999943796e+00 3.166828989237841174e+00
4.729999999999943583e+00 3.166829536609692131e+00
4.739999999999943370e+00 3.166830054816883511e+00
4.749999999999943157e+00 3.166830545384529128e+00
4.759999999999942943e+00 3.166831009759686566e+00
4.769999999999942730e+00 3.166831449315254066e+00
4.779999999999942517e+00 3.166831865353676445e+00
4.789999999999942304e+00 3.166832259110472947e+00
4.799999999999942091e+00 3.166832631757592331e+00
4.809999999999941878e+00 3.166832984406605878e+00
4.819999999999941664e+00 3.166833318111743623e+00
4.829999999999941451e+00 3.166833633872782272e+00
4.839999999999941238e+00 3.166833932637792337e+00
4.849999999999941025e+00 3.166834215305749822e+00
4.859999999999940812e+00 3.166834482729020461e+00
4.869999999999940599e+00 3.166834735715720051e+00
4.879999999999940385e+00 3.166834975031961097e+00
4.889999999999940172e+00 3.166835201403985778e+00
4.899999999999939959e+00 3.166835415520194985e+00
4.909999999999939746e+00 3.166835618033076116e+00
4.919999999999939533e+00 3.166835809561035830e+00
4.929999999999939320e+00 3.166835990690141323e+00
4.939999999999939106e+00 3.166836161975774999e+00
4.949999999999938893e+00 3.166836323944206999e+00
4.959999999999938680e+00 3.166836477094087332e+00
4.969999999999938467e+00 3.166836621897866078e+00
4.979999999999938254e+00 3.166836758803141194e+00
4.989999999999938041e+00 3.166836888233937941e+00
4.999999999999937828e+00 3.166837010591924795e+00
5.009999999999937614e+00 3.166837126257568524e+00
5.019999999999937401e+00 3.166837235591230204e+00
5.029999999999937188e+00 3.166837338934207047e+00
5.039999999999936975e+00 3.166837436609718726e+00
5.049999999999936762e+00 3.166837528923848399e+00
5.059999999999936549e+00 3.166837616166431779e+00
5.069999999999936335e+00 3.166837698611902674e+00
5.079999999999936122e+00 3.166837776520096348e+00
5.089999999999935909e+00 3.166837850137010690e+00
5.099999999999935696e+00 3.166837919695528747e+00
5.109999999999935483e+00 3.166837985416104839e+00
5.119999999999935270e+00 3.166838047507416043e+00
5.129999999999935056e+00 3.166838106166978140e+00
5.139999999999934843e+00 3.166838161581732258e+00
5.149999999999934630e+00 3.166838213928601320e+00
5.159999999999934417e+00 3.166838263375015394e+00
5.169999999999934204e+00 3.166838310079413521e+00
5.179999999999933991e+00 3.166838354191716665e+00
5.189999999999933777e+00 3.166838395853777577e+00
5.199999999999933564e+00 3.166838435199807567e+00
5.209999999999933351e+00 3.166838472356781065e+00
5.219999999999933138e+00 3.166838507444817985e+00
5.229999999999932925e+00 3.166838540577548766e+00
5.239999999999932712e+00 3.166838571862457652e+00
5.249999999999932498e+00 3.166838601401209985e+00
5.259999999999932285e+00 3.166838629289961737e+00
5.269999999999932072e+00 3.166838655619653053e+00
5.279999999999931859e+00 3.166838680476286250e+00
5.289999999999931646e+00 3.166838703941189603e+00
5.299999999999931433e+00 3.166838726091266931e+00
5.309999999999931219e+00 3.166838746999234289e+00
5.319999999999931006e+00 3.166838766733845123e+00
5.329999999999930793e+00 3.166838785360101660e+00
5.339999999999930580e+00 3.166838802939456521e+00
5.349999999999930367e+00 3.166838819530003679e+00
5.359999999999930154e+00 3.166838835186658763e+00
5.369999999999929940e+00 3.166838849961330471e+00
5.379999999999929727e+00 3.166838863903083112e+00
5.389999999999929514e+00 3.166838877058288482e+00
5.399999999999929301e+00 3.166838889470772855e+00
5.409999999999929088e+00 3.166838901181953769e+00
5.419999999999928875e+00 3.166838912230971026e+00
5.429999999999928662e+00 3.166838922654808819e+00
5.439999999999928448e+00 3.166838932488414304e+00
5.449999999999928235e+00 3.166838941764806847e+00
5.459999999999928022e+00 3.166838950515183271e+00
5.469999999999927809e+00 3.166838958769016887e+00
5.479999999999927596e+00 3.166838966554151202e+00
5.489999999999927383e+00 3.166838973896889176e+00
5.499999999999927169e+00 3.166838980822076266e+00
5.509999999999926956e+00 3.166838987353180812e+00
5.519999999999926743e+00 3.166838993512369083e+00
5.529999999999926530e+00 3.166838999320576775e+00
5.539999999999926317e+00 3.166839004797575630e+00
5.549999999999926104e+00 3.166839009962037821e+00
5.559999999999925890e+00 3.166839014831596355e+00
5.569999999999925677e+00 3.166839019422901025e+00
5.579999999999925464e+00 3.166839023751674365e+00
5.589999999999925251e+00 3.166839027832760500e+00
5.599999999999925038e+00 3.166839031680174887e+00
5.609999999999924825e+00 3.166839035307149608e+00
5.619999999999924611e+00 3.166839038726176447e+00
5.629999999999924398e+00 3.166839041949048195e+00
5.639999999999924185e+00 3.166839044986896390e+00
5.649999999999923972e+00 3.166839047850228628e+00
5.659999999999923759e+00 3.166839050548963197e+00
5.669999999999923546e+00 3.166839053092460610e+00
5.679999999999923332e+00 3.166839055489556021e+00
5.689999999999923119e+00 3.166839057748586761e+00
5.699999999999922906e+00 3.166839059877422091e+00
5.709999999999922693e+00 3.166839061883486739e+00
5.719999999999922480e+00 3.166839063773787100e+00
5.729999999999922267e+00 3.166839065554934773e+00
5.739999999999922053e+00 3.166839067233167881e+00
5.749999999999921840e+00 3.166839068814371938e+00
5.759999999999921627e+00 3.166839070304099835e+00
5.769999999999921414e+00 3.166839071707589603e+00
5.779999999999921201e+00 3.166839073029783513e+00
5.789999999999920988e+00 3.166839074275343169e+00
5.799999999999920774e+00 3.166839075448665941e+00
5.809999999999920561e+00 3.166839076553899623e+00
5.819999999999920348e+00 3.166839077594956642e+00
5.829999999999920135e+00 3.166839078575526933e+00
5.839999999999919922e+00 3.166839079499090381e+00
5.849999999999919709e+00 3.166839080368928805e+00
5.859999999999919496e+00 3.166839081188137062e+00
5.869999999999919282e+00 3.166839081959634150e+00
5.879999999999919069e+00 3.166839082686172091e+00
5.889999999999918856e+00 3.166839083370345698e+00
5.899999999999918643e+00 3.166839084014601902e+00
5.909999999999918430e+00 3.166839084621247302e+00
5.919999999999918217e+00 3.166839085192457492e+00
5.929999999999918003e+00 3.166839085730282832e+00
5.939999999999917790e+00 3.166839086236655998e+00
5.949999999999917577e+00 3.166839086713399531e+00
5.959999999999917364e+00 3.166839087162231170e+00
5.969999999999917151e+00 3.166839087584770063e+00
5.979999999999916938e+00 3.166839087982542544e+00
5.989999999999916724e+00 3.166839088356987020e+00
5.999999999999916511e+00 3.166839088709458849e+00
6.009999999999916298e+00 3.166839089041236122e+00
6.019999999999916085e+00 3.166839089353523207e+00
6.029999999999915872e+00 3.166839089647454308e+00
6.039999999999915659e+00 3.166839089924099238e+00
6.049999999999915445e+00 3.166839090184465633e+00
6.059999999999915232e+00 3.166839090429502512e+00
6.069999999999915019e+00 3.166839090660105160e+00
6.079999999999914806e+00 3.166839090877116014e+00
6.089999999999914593e+00 3.166839091081329549e+00
6.099999999999914380e+00 3.166839091273493612e+00
6.109999999999914166e+00 3.166839091454312971e+00
6.119999999999913953e+00 3.166839091624451985e+00
6.129999999999913740e+00 3.166839091784535931e+00
6.139999999999913527e+00 3.166839091935154116e+00
6.149999999999913314e+00 3.166839092076861650e+00
6.159999999999913101e+00 3.166839092210181228e+00
6.169999999999912887e+00 3.166839092335605343e+00
6.179999999999912674e+00 3.166839092453597182e+00
6.189999999999912461e+00 3.166839092564594171e+00
6.199999999999912248e+00 3.166839092669007094e+00
6.209999999999912035e+00 3.166839092767223640e+00
6.219999999999911822e+00 3.166839092859607963e+00
6.229999999999911608e+00 3.166839092946504230e+00
6.239999999999911395e+00 3.166839093028235297e+00
6.249999999999911182e+00 3.166839093105106251e+00
6.259999999999910969e+00 3.166839093177403530e+00
6.269999999999910756e+00 3.166839093245397141e+00
6.279999999999910543e+00 3.166839093309341102e+00
6.289999999999910330e+00 3.166839093369474778e+00
6.299999999999910116e+00 3.166839093426023322e+00
6.309999999999909903e+00 3.166839093479199008e+00
6.319999999999909690e+00 3.166839093529201232e+00
6.329999999999909477e+00 3.166839093576217845e+00
6.339999999999909264e+00 3.166839093620426038e+00
6.349999999999909051e+00 3.166839093661992344e+00
6.359999999999908837e+00 3.166839093701073082e+00
6.369999999999908624e+00 3.166839093737815691e+00
6.379999999999908411e+00 3.166839093772359170e+00
6.389999999999908198e+00 3.166839093804834526e+00
6.399999999999907985e+00 3.166839093835364327e+00
6.409999999999907772e+00 3.166839093864064036e+00
6.419999999999907558e+00 3.166839093891042900e+00
6.429999999999907345e+00 3.166839093916403058e+00
6.439999999999907132e+00 3.166839093940240879e+00
6.449999999999906919e+00 3.166839093962647400e+00
6.459999999999906706e+00 3.166839093983707443e+00
6.469999999999906493e+00 3.166839094003501831e+00
6.479999999999906279e+00 3.166839094022106060e+00
6.489999999999906066e+00 3.166839094039590741e+00
6.499999999999905853e+00 3.166839094056022930e+00
6.509999999999905640e+00 3.166839094071465688e+00
6.519999999999905427e+00 3.166839094085978079e+00
6.529999999999905214e+00 3.166839094099615615e+00
6.539999999999905000e+00 3.166839094112431141e+00
6.549999999999904787e+00 3.166839094124473508e+00
6.559999999999904574e+00 3.166839094135788901e+00
6.569999999999904361e+00 3.166839094146420841e+00
6.579999999999904148e+00 3.166839094156410628e+00
6.589999999999903935e+00 3.166839094165796897e+00
6.599999999999903721e+00 3.166839094174615621e+00
6.609999999999903508e+00 3.166839094182900549e+00
6.619999999999903295e+00 3.166839094190684101e+00
6.629999999999903082e+00 3.166839094197996474e+00
6.639999999999902869e+00 3.166839094204866090e+00
6.649999999999902656e+00 3.166839094211319150e+00
6.659999999999902442e+00 3.166839094217380968e+00
6.669999999999902229e+00 3.166839094223075524e+00
6.679999999999902016e+00 3.166839094228424578e+00
6.689999999999901803e+00 3.166839094233448559e+00
6.699999999999901590e+00 3.166839094238167451e+00
6.709999999999901377e+00 3.166839094242599906e+00
6.719999999999901164e+00 3.166839094246762798e+00
6.729999999999900950e+00 3.166839094250672559e+00
6.739999999999900737e+00 3.166839094254344733e+00
6.749999999999900524e+00 3.166839094257793086e+00
6.759999999999900311e+00 3.166839094261031828e+00
6.769999999999900098e+00 3.166839094264072951e+00
6.779999999999899885e+00 3.166839094266928889e+00
6.789999999999899671e+00 3.166839094269610744e+00
6.799999999999899458e+00 3.166839094272129174e+00
6.809999999999899245e+00 3.166839094274493949e+00
6.819999999999899032e+00 3.166839094276714395e+00
6.829999999999898819e+00 3.166839094278798949e+00
6.839999999999898606e+00 3.166839094280756495e+00
6.849999999999898392e+00 3.166839094282594136e+00
6.859999999999898179e+00 3.166839094284319422e+00
6.869999999999897966e+00 3.166839094285939460e+00
6.879999999999897753e+00 3.166839094287460021e+00
6.889999999999897540e+00 3.166839094288887768e+00
6.899999999999897327e+00 3.166839094290228029e+00
6.909999999999897113e+00 3.166839094291486134e+00
6.919999999999896900e+00 3.166839094292666967e+00
6.929999999999896687e+00 3.166839094293775414e+00
6.939999999999896474e+00 3.166839094294815915e+00
6.949999999999896261e+00 3.166839094295792911e+00
6.959999999999896048e+00 3.166839094296709956e+00
6.969999999999895834e+00 3.166839094297570600e+00
6.979999999999895621e+00 3.166839094298378399e+00
6.989999999999895408e+00 3.166839094299136459e+00
6.999999999999895195e+00 3.166839094299847890e+00
7.009999999999894982e+00 3.166839094300515356e+00
7.019999999999894769e+00 3.166839094301141966e+00
7.029999999999894555e+00 3.166839094301729940e+00
7.039999999999894342e+00 3.166839094302281943e+00
7.049999999999894129e+00 3.166839094302799751e+00
7.059999999999893916e+00 3.166839094303285584e+00
7.069999999999893703e+00 3.166839094303741664e+00
7.079999999999893490e+00 3.166839094304169322e+00
7.089999999999893276e+00 3.166839094304570779e+00
7.099999999999893063e+00 3.166839094304947366e+00
7.109999999999892850e+00 3.166839094305300861e+00
7.119999999999892637e+00 3.166839094305632596e+00
7.129999999999892424e+00 3.166839094305943458e+00
7.139999999999892211e+00 3.166839094306235225e+00
7.149999999999891998e+00 3.166839094306509228e+00
7.159999999999891784e+00 3.166839094306765912e+00
7.169999999999891571e+00 3.166839094307007052e+00
7.179999999999891358e+00 3.166839094307233093e+00
7.189999999999891145e+00 3.166839094307444924e+00
7.199999999999890932e+00 3.166839094307643876e+00
7.209999999999890719e+00 3.166839094307830393e+00
7.219999999999890505e+00 3.166839094308005365e+00
7.229999999999890292e+00 3.166839094308169678e+00
7.239999999999890079e+00 3.166839094308323777e+00
7.249999999999889866e+00 3.166839094308468106e+00
7.259999999999889653e+00 3.166839094308603553e+00
7.269999999999889440e+00 3.166839094308730562e+00
7.279999999999889226e+00 3.166839094308849578e+00
7.289999999999889013e+00 3.166839094308961045e+00
7.299999999999888800e+00 3.166839094309065850e+00
7.309999999999888587e+00 3.166839094309163993e+00
7.319999999999888374e+00 3.166839094309255920e+00
7.329999999999888161e+00 3.166839094309342073e+00
7.339999999999887947e+00 3.166839094309422897e+00
7.349999999999887734e+00 3.166839094309498837e+00
7.359999999999887521e+00 3.166839094309569891e+00
7.369999999999887308e+00 3.166839094309636504e+00
7.379999999999887095e+00 3.166839094309699121e+00
7.389999999999886882e+00 3.166839094309757741e+00
7.399999999999886668e+00 3.166839094309812808e+00
7.409999999999886455e+00 3.166839094309864322e+00
7.419999999999886242e+00 3.166839094309912728e+00
7.429999999999886029e+00 3.166839094309958025e+00
7.439999999999885816e+00 3.166839094310000657e+00
7.449999999999885603e+00 3.166839094310040625e+00
7.459999999999885389e+00 3.166839094310077929e+00
7.469999999999885176e+00 3.166839094310113012e+00
7.479999999999884963e+00 3.166839094310145875e+00
7.489999999999884750e+00 3.166839094310176517e+00
7.499999999999884537e+00 3.166839094310205382e+00
7.509999999999884324e+00 3.166839094310232472e+00
7.519999999999884110e+00 3.166839094310257785e+00
7.529999999999883897e+00 3.166839094310281322e+00
7.539999999999883684e+00 3.166839094310303526e+00
7.549999999999883471e+00 3.166839094310324398e+00
7.559999999999883258e+00 3.166839094310343938e+00
7.569999999999883045e+00 3.166839094310362146e+00
7.579999999999882832e+00 3.166839094310379021e+00
7.589999999999882618e+00 3.166839094310395009e+00
7.599999999999882405e+00 3.166839094310410108e+00
7.609999999999882192e+00 3.166839094310424318e+00
7.619999999999881979e+00 3.166839094310437641e+00
7.629999999999881766e+00 3.166839094310450076e+00
7.639999999999881553e+00 3.166839094310461622e+00
7.649999999999881339e+00 3.166839094310472280e+00
7.659999999999881126e+00 3.166839094310482494e+00
7.669999999999880913e+00 3.166839094310491820e+00
7.679999999999880700e+00 3.166839094310500702e+00
7.689999999999880487e+00 3.166839094310509140e+00
7.699999999999880274e+00 3.166839094310516689e+00
7.709999999999880060e+00 3.166839094310523794e+00
7.719999999999879847e+00 3.166839094310530456e+00
7.729999999999879634e+00 3.166839094310536673e+00
7.739999999999879421e+00 3.166839094310542446e+00
7.749999999999879208e+00 3.166839094310548219e+00
7.759999999999878995e+00 3.166839094310553548e+00
7.769999999999878781e+00 3.166839094310558433e+00
7.779999999999878568e+00 3.166839094310562874e+00
7.789999999999878355e+00 3.166839094310567315e+00
7.799999999999878142e+00 3.166839094310571312e+00
7.809999999999877929e+00 3.166839094310574865e+00
7.819999999999877716e+00 3.166839094310578417e+00
7.829999999999877502e+00 3.166839094310581526e+00
7.839999999999877289e+00 3.166839094310584635e+00
7.849999999999877076e+00 3.166839094310587299e+00
7.859999999999876863e+00 3.166839094310589964e+00
7.869999999999876650e+00 3.166839094310592628e+00
7.879999999999876437e+00 3.166839094310594849e+00
7.889999999999876223e+00 3.166839094310597069e+00
7.899999999999876010e+00 3.166839094310598846e+00
7.909999999999875797e+00 3.166839094310600622e+00
7.919999999999875584e+00 3.166839094310602398e+00
7.929999999999875371e+00 3.166839094310604175e+00
7.939999999999875158e+00 3.166839094310605507e+00
7.949999999999874944e+00 3.166839094310606839e+00
7.959999999999874731e+00 3.166839094310608171e+00
7.969999999999874518e+00 3.166839094310609504e+00
7.979999999999874305e+00 3.166839094310610836e+00
7.989999999999874092e+00 3.166839094310611724e+00
7.999999999999873879e+00 3.166839094310612612e+00
8.009999999999873666e+00 3.166839094310613500e+00
8.019999999999873452e+00 3.166839094310614389e+00
8.029999999999873239e+00 3.166839094310615277e+00
8.039999999999873026e+00 3.166839094310616165e+00
8.049999999999872813e+00 3.166839094310616609e+00
8.059999999999872600e+00 3.166839094310617053e+00
8.069999999999872387e+00 3.166839094310617497e+00
8.079999999999872173e+00 3.166839094310617941e+00
8.089999999999871960e+00 3.166839094310618385e+00
8.099999999999871747e+00 3.166839094310618830e+00
8.109999999999871534e+00 3.166839094310619274e+00
8.119999999999871321e+00 3.166839094310619718e+00
8.129999999999871108e+00 3.166839094310620162e+00
8.139999999999870894e+00 3.166839094310620606e+00
8.149999999999870681e+00 3.166839094310621050e+00
8.159999999999870468e+00 3.166839094310621494e+00
8.169999999999870255e+00 3.166839094310621494e+00
8.179999999999870042e+00 3.166839094310621494e+00
8.189999999999869829e+00 3.166839094310621494e+00
8.199999999999869615e+00 3.166839094310621494e+00
8.209999999999869402e+00 3.166839094310621494e+00
8.219999999999869189e+00 3.166839094310621494e+00
8.229999999999868976e+00 3.166839094310621494e+00
8.239999999999868763e+00 3.166839094310621494e+00
8.249999999999868550e+00 3.166839094310621494e+00
8.259999999999868336e+00 3.166839094310621494e+00
8.269999999999868123e+00 3.166839094310621494e+00
8.279999999999867910e+00 3.166839094310621494e+00
8.289999999999867697e+00 3.166839094310621494e+00
8.299999999999867484e+00 3.166839094310621494e+00
8.309999999999867271e+00 3.166839094310621494e+00
8.319999999999867057e+00 3.166839094310621494e+00
8.329999999999866844e+00 3.166839094310621494e+00
8.339999999999866631e+00 3.166839094310621494e+00
8.349999999999866418e+00 3.166839094310621494e+00
8.359999999999866205e+00 3.166839094310621494e+00
8.369999999999865992e+00 3.166839094310621494e+00
8.379999999999865778e+00 3.166839094310621494e+00
8.389999999999865565e+00 3.166839094310621494e+00
8.399999999999865352e+00 3.166839094310621494e+00
8.409999999999865139e+00 3.166839094310621494e+00
8.419999999999864926e+00 3.166839094310621494e+00
8.429999999999864713e+00 3.166839094310621494e+00
8.439999999999864500e+00 3.166839094310621494e+00
8.449999999999864286e+00 3.166839094310621494e+00
8.459999999999864073e+00 3.166839094310621494e+00
8.469999999999863860e+00 3.166839094310621494e+00
8.479999999999863647e+00 3.166839094310621494e+00
8.489999999999863434e+00 3.166839094310621494e+00
8.499999999999863221e+00 3.166839094310621494e+00
8.509999999999863007e+00 3.166839094310621494e+00
8.519999999999862794e+00 3.166839094310621494e+00
8.529999999999862581e+00 3.166839094310621494e+00
8.539999999999862368e+00 3.166839094310621494e+00
8.549999999999862155e+00 3.166839094310621494e+00
8.559999999999861942e+00 3.166839094310621494e+00
8.569999999999861728e+00 3.166839094310621494e+00
8.579999999999861515e+00 3.166839094310621494e+00
8.589999999999861302e+00 3.166839094310621494e+00
8.599999999999861089e+00 3.166839094310621494e+00
8.609999999999860876e+00 3.166839094310621494e+00
8.619999999999860663e+00 3.166839094310621494e+00
8.629999999999860449e+00 3.166839094310621938e+00
8.639999999999860236e+00 3.166839094310622382e+00
8.649999999999860023e+00 3.166839094310622826e+00
8.659999999999859810e+00 3.166839094310623270e+00
8.669999999999859597e+00 3.166839094310623715e+00
8.679999999999859384e+00 3.166839094310624159e+00
8.689999999999859170e+00 3.166839094310624603e+00
8.699999999999858957e+00 3.166839094310625047e+00
8.709999999999858744e+00 3.166839094310625491e+00
8.719999999999858531e+00 3.166839094310625935e+00
8.729999999999858318e+00 3.166839094310626379e+00
8.739999999999858105e+00 3.166839094310626823e+00
8.749999999999857891e+00 3.166839094310627267e+00
8.759999999999857678e+00 3.166839094310628155e+00
8.769999999999857465e+00 3.166839094310629044e+00
8.779999999999857252e+00 3.166839094310629932e+00
8.789999999999857039e+00 3.166839094310630820e+00
8.799999999999856826e+00 3.166839094310631708e+00
8.809999999999856612e+00 3.166839094310632596e+00
8.819999999999856399e+00 3.166839094310633929e+00
8.829999999999856186e+00 3.166839094310635261e+00
8.839999999999855973e+00 3.166839094310636593e+00
8.849999999999855760e+00 3.166839094310637925e+00
8.859999999999855547e+00 3.166839094310639258e+00
8.869999999999855333e+00 3.166839094310641034e+00
8.879999999999855120e+00 3.166839094310642810e+00
8.889999999999854907e+00 3.166839094310644587e+00
8.899999999999854694e+00 3.166839094310646807e+00
8.909999999999854481e+00 3.166839094310649028e+00
8.919999999999854268e+00 3.166839094310651248e+00
8.929999999999854055e+00 3.166839094310653913e+00
8.939999999999853841e+00 3.166839094310656577e+00
8.949999999999853628e+00 3.166839094310659686e+00
8.959999999999853415e+00 3.166839094310662794e+00
8.969999999999853202e+00 3.166839094310666347e+00
8.979999999999852989e+00 3.166839094310669900e+00
8.989999999999852776e+00 3.166839094310673897e+00
8.999999999999852562e+00 3.166839094310677893e+00
9.009999999999852349e+00 3.166839094310682334e+00
9.019999999999852136e+00 3.166839094310687219e+00
9.029999999999851923e+00 3.166839094310692104e+00
9.039999999999851710e+00 3.166839094310697433e+00
9.049999999999851497e+00 3.166839094310703207e+00
9.059999999999851283e+00 3.166839094310709424e+00
9.069999999999851070e+00 3.166839094310716085e+00
9.079999999999850857e+00 3.166839094310723191e+00
9.089999999999850644e+00 3.166839094310730740e+00
9.099999999999850431e+00 3.166839094310739178e+00
9.109999999999850218e+00 3.166839094310748060e+00
9.119999999999850004e+00 3.166839094310757385e+00
9.129999999999849791e+00 3.166839094310767599e+00
9.139999999999849578e+00 3.166839094310778258e+00
9.149999999999849365e+00 3.166839094310789804e+00
9.159999999999849152e+00 3.166839094310802238e+00
9.169999999999848939e+00 3.166839094310815561e+00
9.179999999999848725e+00 3.166839094310829772e+00
9.189999999999848512e+00 3.166839094310844871e+00
9.199999999999848299e+00 3.166839094310861302e+00
9.209999999999848086e+00 3.166839094310878622e+00
9.219999999999847873e+00 3.166839094310897273e+00
9.229999999999847660e+00 3.166839094310917258e+00
9.239999999999847446e+00 3.166839094310938574e+00
9.249999999999847233e+00 3.166839094310961222e+00
9.259999999999847020e+00 3.166839094310985647e+00
9.269999999999846807e+00 3.166839094311011849e+00
9.279999999999846594e+00 3.166839094311039826e+00
9.289999999999846381e+00 3.166839094311069580e+00
9.299999999999846167e+00 3.166839094311101555e+00
9.309999999999845954e+00 3.166839094311135749e+00
9.319999999999845741e+00 3.166839094311172165e+00
9.329999999999845528e+00 3.166839094311211245e+00
9.339999999999845315e+00 3.166839094311252989e+00
9.349999999999845102e+00 3.166839094311297842e+00
9.359999999999844889e+00 3.166839094311345804e+00
9.369999999999844675e+00 3.166839094311396874e+00
9.379999999999844462e+00 3.166839094311451497e+00
9.389999999999844249e+00 3.166839094311510117e+00
9.399999999999844036e+00 3.166839094311572733e+00
9.409999999999843823e+00 3.166839094311639791e+00
9.419999999999843610e+00 3.166839094311711733e+00
9.429999999999843396e+00 3.166839094311788561e+00
9.439999999999843183e+00 3.166839094311870717e+00
9.449999999999842970e+00 3.166839094311958647e+00
9.459999999999842757e+00 3.166839094312052794e+00
9.469999999999842544e+00 3.166839094312153602e+00
9.479999999999842331e+00 3.166839094312261516e+00
9.489999999999842117e+00 3.166839094312376979e+00
9.499999999999841904e+00 3.166839094312500436e+00
9.509999999999841691e+00 3.166839094312632330e+00
9.519999999999841478e+00 3.166839094312773550e+00
9.529999999999841265e+00 3.166839094312924985e+00
9.539999999999841052e+00 3.166839094313086633e+00
9.549999999999840838e+00 3.166839094313259828e+00
9.559999999999840625e+00 3.166839094313445013e+00
9.569999999999840412e+00 3.166839094313643521e+00
9.579999999999840199e+00 3.166839094313855796e+00
9.589999999999839986e+00 3.166839094314082725e+00
9.599999999999839773e+00 3.166839094314325642e+00
9.609999999999839559e+00 3.166839094314585878e+00
9.619999999999839346e+00 3.166839094314864322e+00
9.629999999999839133e+00 3.166839094315162306e+00
9.639999999999838920e+00 3.166839094315481162e+00
9.649999999999838707e+00 3.166839094315822223e+00
9.659999999999838494e+00 3.166839094316187264e+00
9.669999999999838280e+00 3.166839094316578063e+00
9.679999999999838067e+00 3.166839094316996395e+00
9.689999999999837854e+00 3.166839094317444037e+00
9.699999999999837641e+00 3.166839094317922765e+00
9.709999999999837428e+00 3.166839094318435244e+00
9.719999999999837215e+00 3.166839094318983694e+00
9.729999999999837001e+00 3.166839094319570780e+00
9.739999999999836788e+00 3.166839094320199166e+00
9.749999999999836575e+00 3.166839094320871961e+00
9.759999999999836362e+00 3.166839094321591830e+00
9.769999999999836149e+00 3.166839094322362325e+00
9.779999999999835936e+00 3.166839094323186998e+00
9.789999999999835723e+00 3.166839094324069848e+00
9.799999999999835509e+00 3.166839094325014869e+00
9.809999999999835296e+00 3.166839094326026505e+00
9.819999999999835083e+00 3.166839094327109194e+00
9.829999999999834870e+00 3.166839094328268267e+00
9.839999999999834657e+00 3.166839094329508608e+00
9.849999999999834444e+00 3.166839094330836435e+00
9.859999999999834230e+00 3.166839094332257964e+00
9.869999999999834017e+00 3.166839094333779414e+00
9.879999999999833804e+00 3.166839094335408333e+00
9.889999999999833591e+00 3.166839094337152272e+00
9.899999999999833378e+00 3.166839094339018779e+00
9.909999999999833165e+00 3.166839094341017180e+00
9.919999999999832951e+00 3.166839094343156358e+00
9.929999999999832738e+00 3.166839094345446526e+00
9.939999999999832525e+00 3.166839094347898342e+00
9.949999999999832312e+00 3.166839094350523354e+00
9.959999999999832099e+00 3.166839094353333550e+00
9.969999999999831886e+00 3.166839094356342255e+00
9.979999999999831672e+00 3.166839094359563678e+00
9.989999999999831459e+00 3.166839094363012475e+00
9.999999999999831246e+00 3.166839094366705076e+00
1.000000000000000000e+01 3.166839094370397678e+00
