1.000000000000000021e-02 1.000000000000000000e+00
2.000000000000000042e-02 9.992889545439083143e-01
2.999999999999999889e-02 9.979924063916837396e-01
4.000000000000000083e-02 9.982390774336424855e-01
5.000000000000000278e-02 9.984615052958372150e-01
6.000000000000000472e-02 9.981590983252307536e-01
7.000000000000000666e-02 9.975918717945163605e-01
8.000000000000000167e-02 9.968753839411507167e-01
8.999999999999999667e-02 9.960442314991240220e-01
9.999999999999999167e-02 9.951091009402902587e-01
1.099999999999999867e-01 9.940737192297015579e-01
1.199999999999999817e-01 9.929396236762506600e-01
1.299999999999999767e-01 9.917076046725468164e-01
1.399999999999999856e-01 9.903781836340003197e-01
1.499999999999999944e-01 9.889517855898873888e-01
1.600000000000000033e-01 9.874288064622113170e-01
1.700000000000000122e-01 9.858096410841962198e-01
1.800000000000000211e-01 9.840946955382608996e-01
1.900000000000000300e-01 9.822843928380639023e-01
2.000000000000000389e-01 9.803791756281676761e-01
2.100000000000000477e-01 9.783795074806286296e-01
2.200000000000000566e-01 9.762858735012829303e-01
2.300000000000000655e-01 9.740987805816988532e-01
2.400000000000000744e-01 9.718187574614799429e-01
2.500000000000000555e-01 9.694463546845596413e-01
2.600000000000000644e-01 9.669821444933734966e-01
2.700000000000000733e-01 9.644267206846477425e-01
2.800000000000000822e-01 9.617806984400224524e-01
2.900000000000000910e-01 9.590447141390819885e-01
3.000000000000000999e-01 9.562194251592649463e-01
3.100000000000001088e-01 9.533055096653791916e-01
3.200000000000001177e-01 9.503036663904471659e-01
3.300000000000001266e-01 9.472146144090235476e-01
3.400000000000001354e-01 9.440390929037792977e-01
3.500000000000001443e-01 9.407778609259401792e-01
3.600000000000001532e-01 9.374316971500402662e-01
3.700000000000001621e-01 9.340013996233752502e-01
3.800000000000001710e-01 9.304877855104924933e-01
3.900000000000001799e-01 9.268916908330281368e-01
4.000000000000001887e-01 9.232139702051810337e-01
4.100000000000001976e-01 9.194554965651062783e-01
4.200000000000002065e-01 9.156171609025012259e-01
4.300000000000002154e-01 9.116998719826555631e-01
4.400000000000002243e-01 9.077045560672319935e-01
4.500000000000002331e-01 9.036321566320417720e-01
4.600000000000002420e-01 8.994836340820773213e-01
4.700000000000002509e-01 8.952599654640593929e-01
4.800000000000002598e-01 8.909621441767526795e-01
4.900000000000002687e-01 8.865911796792995681e-01
5.000000000000002220e-01 8.821480971978130636e-01
5.100000000000002309e-01 8.776339374304651386e-01
5.200000000000002398e-01 8.730497562512962162e-01
5.300000000000002487e-01 8.683966244129627254e-01
5.400000000000002576e-01 8.636756272486276753e-01
5.500000000000002665e-01 8.588878643731866491e-01
5.600000000000002753e-01 8.540344493840086315e-01
5.700000000000002842e-01 8.491165095613542046e-01
5.800000000000002931e-01 8.441351855686194394e-01
5.900000000000003020e-01 8.390916311525336013e-01
6.000000000000003109e-01 8.339870128434216934e-01
6.100000000000003197e-01 8.288225096556227633e-01
6.200000000000003286e-01 8.235993127881325870e-01
6.300000000000003375e-01 8.183186253255185783e-01
6.400000000000003464e-01 8.129816619391313504e-01
6.500000000000003553e-01 8.075896485886129295e-01
6.600000000000003642e-01 8.021438222236794147e-01
6.700000000000003730e-01 7.966454304861279034e-01
6.800000000000003819e-01 7.910957314119946293e-01
6.900000000000003908e-01 7.854959931337639478e-01
7.000000000000003997e-01 7.798474935825028265e-01
7.100000000000004086e-01 7.741515201897691822e-01
7.200000000000004174e-01 7.684093695891167641e-01
7.300000000000004263e-01 7.626223473169929656e-01
7.400000000000004352e-01 7.567917675128026378e-01
7.500000000000004441e-01 7.509189526178844387e-01
7.600000000000004530e-01 7.450052330731239403e-01
7.700000000000004619e-01 7.390519470149037318e-01
7.800000000000004707e-01 7.330604399690705542e-01
7.900000000000004796e-01 7.270320645425774053e-01
8.000000000000004885e-01 7.209681801124402378e-01
8.100000000000004974e-01 7.148701525116316624e-01
8.200000000000005063e-01 7.087393537115179720e-01
8.300000000000005151e-01 7.025771615004313686e-01
8.400000000000005240e-01 6.963849591579588383e-01
8.500000000000005329e-01 6.901641351245183520e-01
8.600000000000005418e-01 6.839160826657862957e-01
8.700000000000005507e-01 6.776421995315345947e-01
8.800000000000005596e-01 6.713438876084345530e-01
8.900000000000005684e-01 6.650225525663842063e-01
9.000000000000005773e-01 6.586796034979189862e-01
9.100000000000005862e-01 6.523164525502720412e-01
9.200000000000005951e-01 6.459345145496587781e-01
9.300000000000006040e-01 6.395352066173727312e-01
9.400000000000006128e-01 6.331199477772936346e-01
9.500000000000006217e-01 6.266901585544275566e-01
9.600000000000006306e-01 6.202472605641192738e-01
9.700000000000006395e-01 6.137926760916012636e-01
9.800000000000006484e-01 6.073278276615701188e-01
9.900000000000006573e-01 6.008541375975112731e-01
1.000000000000000666e+00 5.943730275705265687e-01
1.010000000000000675e+00 5.878859181374533893e-01
1.020000000000000684e+00 5.813942282681031637e-01
1.030000000000000693e+00 5.748993748614884547e-01
1.040000000000000702e+00 5.684027722509499281e-01
1.050000000000000711e+00 5.619058316981421219e-01
1.060000000000000719e+00 5.554099608758829021e-01
1.070000000000000728e+00 5.489165633399227806e-01
1.080000000000000737e+00 5.424270379897420113e-01
1.090000000000000746e+00 5.359427785185358895e-01
1.100000000000000755e+00 5.294651728526036383e-01
1.110000000000000764e+00 5.229956025804131103e-01
1.120000000000000773e+00 5.165354423716683741e-01
1.130000000000000782e+00 5.100860593867666548e-01
1.140000000000000790e+00 5.036488126770870544e-01
1.150000000000000799e+00 4.972250525766126472e-01
1.160000000000000808e+00 4.908161200854437856e-01
1.170000000000000817e+00 4.844233462458189532e-01
1.180000000000000826e+00 4.780480515113146867e-01
1.190000000000000835e+00 4.716915451099519263e-01
1.200000000000000844e+00 4.653551244019902833e-01
1.210000000000000853e+00 4.590400742332427231e-01
1.220000000000000862e+00 4.527476662847956246e-01
1.230000000000000870e+00 4.464791584200647478e-01
1.240000000000000879e+00 4.402357940301657169e-01
1.250000000000000888e+00 4.340188013786185350e-01
1.260000000000000897e+00 4.278293929464467293e-01
1.270000000000000906e+00 4.216687647787677462e-01
1.280000000000000915e+00 4.155380958340046393e-01
1.290000000000000924e+00 4.094385473368785666e-01
1.300000000000000933e+00 4.033712621363666484e-01
1.310000000000000941e+00 3.973373640698323328e-01
1.320000000000000950e+00 3.913379573345511786e-01
1.330000000000000959e+00 3.853741258678693993e-01
1.340000000000000968e+00 3.794469327372400613e-01
1.350000000000000977e+00 3.735574195413855492e-01
1.360000000000000986e+00 3.677066058238347979e-01
1.370000000000000995e+00 3.618954885000779664e-01
1.380000000000001004e+00 3.561250412995705661e-01
1.390000000000001013e+00 3.503962142238052913e-01
1.400000000000001021e+00 3.447099330216485402e-01
1.410000000000001030e+00 3.390670986831159639e-01
1.420000000000001039e+00 3.334685869527314606e-01
1.430000000000001048e+00 3.279152478635811718e-01
1.440000000000001057e+00 3.224079052931360656e-01
1.450000000000001066e+00 3.169473565418753358e-01
1.460000000000001075e+00 3.115343719356962193e-01
1.470000000000001084e+00 3.061696944530463149e-01
1.480000000000001092e+00 3.008540393776615307e-01
1.490000000000001101e+00 2.955880939777348893e-01
1.500000000000001110e+00 2.903725172122822995e-01
1.510000000000001119e+00 2.852079394654078448e-01
1.520000000000001128e+00 2.800949623091054663e-01
1.530000000000001137e+00 2.750341582951661423e-01
1.540000000000001146e+00 2.700260707766894974e-01
1.550000000000001155e+00 2.650712137596263340e-01
1.560000000000001164e+00 2.601700717847059141e-01
1.570000000000001172e+00 2.553230998400265461e-01
1.580000000000001181e+00 2.505307233045134807e-01
1.590000000000001190e+00 2.457933379223707915e-01
1.600000000000001199e+00 2.411113098085796991e-01
1.610000000000001208e+00 2.364849754854178032e-01
1.620000000000001217e+00 2.319146419498994416e-01
1.630000000000001226e+00 2.274005867719620932e-01
1.640000000000001235e+00 2.229430582231495817e-01
1.650000000000001243e+00 2.185422754354708619e-01
1.660000000000001252e+00 2.141984285900417617e-01
1.670000000000001261e+00 2.099116791350484901e-01
1.680000000000001270e+00 2.056821600325040855e-01
1.690000000000001279e+00 2.015099760332051959e-01
1.700000000000001288e+00 1.973952039792339908e-01
1.710000000000001297e+00 1.933378931332909445e-01
1.720000000000001306e+00 1.893380655340882734e-01
1.730000000000001315e+00 1.853957163769802685e-01
1.740000000000001323e+00 1.815108144189574446e-01
1.750000000000001332e+00 1.776833024070848810e-01
1.760000000000001341e+00 1.739130975294222725e-01
1.770000000000001350e+00 1.702000918874244095e-01
1.780000000000001359e+00 1.665441529887850547e-01
1.790000000000001368e+00 1.629451242596560434e-01
1.800000000000001377e+00 1.594028255751449852e-01
1.810000000000001386e+00 1.559170538069719336e-01
1.820000000000001394e+00 1.524875833871443820e-01
1.830000000000001403e+00 1.491141668864945091e-01
1.840000000000001412e+00 1.457965356069095553e-01
1.850000000000001421e+00 1.425344001860778531e-01
1.860000000000001430e+00 1.393274512135678489e-01
1.870000000000001439e+00 1.361753598570563106e-01
1.880000000000001448e+00 1.330777784975235578e-01
1.890000000000001457e+00 1.300343413722394592e-01
1.900000000000001465e+00 1.270446652243726049e-01
1.910000000000001474e+00 1.241083499580669380e-01
1.920000000000001483e+00 1.212249792978450369e-01
1.930000000000001492e+00 1.183941214512153478e-01
1.940000000000001501e+00 1.156153297733808205e-01
1.950000000000001510e+00 1.128881434329698230e-01
1.960000000000001519e+00 1.102120880777354289e-01
1.970000000000001528e+00 1.075866764991970786e-01
1.980000000000001537e+00 1.050114092952282863e-01
1.990000000000001545e+00 1.024857755296255252e-01
2.000000000000001332e+00 1.000092533877269679e-01
2.010000000000001119e+00 9.758131082718443650e-02
2.020000000000000906e+00 9.520140622302804279e-02
2.030000000000000693e+00 9.286898900620041419e-02
2.040000000000000480e+00 9.058350029477557630e-02
2.050000000000000266e+00 8.834437351711686703e-02
2.060000000000000053e+00 8.615103502626786369e-02
2.069999999999999840e+00 8.400290470491073025e-02
2.079999999999999627e+00 8.189939656026683223e-02
2.089999999999999414e+00 7.983991930835558637e-02
2.099999999999999201e+00 7.782387694706802139e-02
2.109999999999998987e+00 7.585066931755246600e-02
2.119999999999998774e+00 7.391969265345048334e-02
2.129999999999998561e+00 7.203034011756093147e-02
2.139999999999998348e+00 7.018200232555028839e-02
2.149999999999998135e+00 6.837406785636607198e-02
2.159999999999997922e+00 6.660592374904905633e-02
2.169999999999997708e+00 6.487695598567741473e-02
2.179999999999997495e+00 6.318654996021294545e-02
2.189999999999997282e+00 6.153409093305545197e-02
2.199999999999997069e+00 5.991896447114616886e-02
2.209999999999996856e+00 5.834055687349512520e-02
2.219999999999996643e+00 5.679825558203997760e-02
2.229999999999996430e+00 5.529144957777543112e-02
2.239999999999996216e+00 5.381952976212267536e-02
2.249999999999996003e+00 5.238188932353746163e-02
2.259999999999995790e+00 5.097792408938308512e-02
2.269999999999995577e+00 4.960703286312122956e-02
2.279999999999995364e+00 4.826861774689869544e-02
2.289999999999995151e+00 4.696208444963195089e-02
2.299999999999994937e+00 4.568684258071396137e-02
2.309999999999994724e+00 4.444230592948898717e-02
2.319999999999994511e+00 4.322789273066086901e-02
2.329999999999994298e+00 4.204302591581882131e-02
2.339999999999994085e+00 4.088713335128218995e-02
2.349999999999993872e+00 3.975964806248132727e-02
2.359999999999993658e+00 3.866000844510665557e-02
2.369999999999993445e+00 3.758765846327132704e-02
2.379999999999993232e+00 3.654204783494512804e-02
2.389999999999993019e+00 3.552263220492839213e-02
2.399999999999992806e+00 3.452887330564452517e-02
2.409999999999992593e+00 3.356023910603856547e-02
2.419999999999992379e+00 3.261620394887686930e-02
2.429999999999992166e+00 3.169624867674972896e-02
2.439999999999991953e+00 3.079986074708435800e-02
2.449999999999991740e+00 2.992653433648034822e-02
2.459999999999991527e+00 2.907577043468349484e-02
2.469999999999991314e+00 2.824707692851680108e-02
2.479999999999991100e+00 2.743996867608946080e-02
2.489999999999990887e+00 2.665396757160592295e-02
2.499999999999990674e+00 2.588860260109760239e-02
2.509999999999990461e+00 2.514340988939960803e-02
2.519999999999990248e+00 2.441793273869393571e-02
2.529999999999990035e+00 2.371172165893908196e-02
2.539999999999989821e+00 2.302433439050391092e-02
2.549999999999989608e+00 2.235533591932091155e-02
2.559999999999989395e+00 2.170429848487088337e-02
2.569999999999989182e+00 2.107080158130733225e-02
2.579999999999988969e+00 2.045443195202489156e-02
2.589999999999988756e+00 1.985478357797147708e-02
2.599999999999988542e+00 1.927145765999915134e-02
2.609999999999988329e+00 1.870406259554337550e-02
2.619999999999988116e+00 1.815221394991494916e-02
2.629999999999987903e+00 1.761553442248313048e-02
2.639999999999987690e+00 1.709365380802245482e-02
2.649999999999987477e+00 1.658620895348959443e-02
2.659999999999987264e+00 1.609284371049021084e-02
2.669999999999987050e+00 1.561320888368925193e-02
2.679999999999986837e+00 1.514696217541145265e-02
2.689999999999986624e+00 1.469376812667208716e-02
2.699999999999986411e+00 1.425329805487114167e-02
2.709999999999986198e+00 1.382522998837719050e-02
2.719999999999985985e+00 1.340924859822032432e-02
2.729999999999985771e+00 1.300504512710648486e-02
2.739999999999985558e+00 1.261231731595863215e-02
2.749999999999985345e+00 1.223076932818317926e-02
2.759999999999985132e+00 1.186011167185321152e-02
2.769999999999984919e+00 1.150006111999311680e-02
2.779999999999984706e+00 1.115034062914241862e-02
2.789999999999984492e+00 1.081067925636984214e-02
2.799999999999984279e+00 1.048081207490192748e-02
2.809999999999984066e+00 1.016048008852393422e-02
2.819999999999983853e+00 9.849430144904245885e-03
2.829999999999983640e+00 9.547414847987097802e-03
2.839999999999983427e+00 9.254192469592147779e-03
2.849999999999983213e+00 8.969526860353259357e-03
2.859999999999983000e+00 8.693187360122790752e-03
2.869999999999982787e+00 8.424948707961793168e-03
2.879999999999982574e+00 8.164590951830729901e-03
2.889999999999982361e+00 7.911899358089672513e-03
2.899999999999982148e+00 7.666664320911451176e-03
2.909999999999981934e+00 7.428681271705856945e-03
2.919999999999981721e+00 7.197750588647793858e-03
2.929999999999981508e+00 6.973677506397201256e-03
2.939999999999981295e+00 6.756272026093663487e-03
2.949999999999981082e+00 6.545348825703845887e-03
2.959999999999980869e+00 6.340727170795280691e-03
2.969999999999980655e+00 6.142230825805562212e-03
2.979999999999980442e+00 5.949687965871679023e-03
2.989999999999980229e+00 5.762931089280048415e-03
2.999999999999980016e+00 5.581796930593788640e-03
3.009999999999979803e+00 5.406126374509879519e-03
3.019999999999979590e+00 5.235764370495131492e-03
3.029999999999979376e+00 5.070559848246278430e-03
3.039999999999979163e+00 4.910365634016060007e-03
3.049999999999978950e+00 4.755038367843841818e-03
3.059999999999978737e+00 4.604438421726127738e-03
3.069999999999978524e+00 4.458429818759271183e-03
3.079999999999978311e+00 4.316880153283779269e-03
3.089999999999978098e+00 4.179660512056788436e-03
3.099999999999977884e+00 4.046645396476633398e-03
3.109999999999977671e+00 3.917712645880875970e-03
3.119999999999977458e+00 3.792743361936725711e-03
3.129999999999977245e+00 3.671621834140461043e-03
3.139999999999977032e+00 3.554235466440264224e-03
3.149999999999976819e+00 3.440474704994772419e-03
3.159999999999976605e+00 3.330232967077661685e-03
3.169999999999976392e+00 3.223406571136686397e-03
3.179999999999976179e+00 3.119894668013802053e-03
3.189999999999975966e+00 3.019599173331308922e-03
3.199999999999975753e+00 2.922424701047343296e-03
3.209999999999975540e+00 2.828278498182532161e-03
3.219999999999975326e+00 2.737070380718198154e-03
3.229999999999975113e+00 2.648712670665156338e-03
3.239999999999974900e+00 2.563120134300881075e-03
3.249999999999974687e+00 2.480209921571631219e-03
3.259999999999974474e+00 2.399901506655011639e-03
3.269999999999974261e+00 2.322116629677407808e-03
3.279999999999974047e+00 2.246779239579754436e-03
3.289999999999973834e+00 2.173815438124195726e-03
3.299999999999973621e+00 2.103153425033349629e-03
3.309999999999973408e+00 2.034723444253104790e-03
3.319999999999973195e+00 1.968457731329158536e-03
3.329999999999972982e+00 1.904290461886825984e-03
3.339999999999972768e+00 1.842157701203044496e-03
3.349999999999972555e+00 1.781997354858922420e-03
3.359999999999972342e+00 1.723749120460671067e-03
3.369999999999972129e+00 1.667354440416282451e-03
3.379999999999971916e+00 1.612756455754890987e-03
3.389999999999971703e+00 1.559899960975369600e-03
3.399999999999971489e+00 1.508731359910367486e-03
3.409999999999971276e+00 1.459198622591684463e-03
3.419999999999971063e+00 1.411251243102610610e-03
3.429999999999970850e+00 1.364840198402615277e-03
3.439999999999970637e+00 1.319917908109568107e-03
3.449999999999970424e+00 1.276438195224497340e-03
3.459999999999970210e+00 1.234356247783744516e-03
3.469999999999969997e+00 1.193628581423254341e-03
3.479999999999969784e+00 1.154213002839646991e-03
3.489999999999969571e+00 1.116068574132647031e-03
3.499999999999969358e+00 1.079155578013400642e-03
3.509999999999969145e+00 1.043435483863184871e-03
3.519999999999968932e+00 1.008870914627007414e-03
3.529999999999968718e+00 9.754256145266109465e-04
3.539999999999968505e+00 9.430644175774260561e-04
3.549999999999968292e+00 9.117532168940653808e-04
3.559999999999968079e+00 8.814589347690152338e-04
3.569999999999967866e+00 8.521494935092574019e-04
3.579999999999967653e+00 8.237937870156466277e-04
3.589999999999967439e+00 7.963616530899722806e-04
3.599999999999967226e+00 7.698238464547466726e-04
3.609999999999967013e+00 7.441520124708896500e-04
3.619999999999966800e+00 7.193186615386136431e-04
3.629999999999966587e+00 6.952971441669578796e-04
3.639999999999966374e+00 6.720616266975731239e-04
3.649999999999966160e+00 6.495870676685184392e-04
3.659999999999965947e+00 6.278491948039983299e-04
3.669999999999965734e+00 6.068244826161420941e-04
3.679999999999965521e+00 5.864901306051054563e-04
3.689999999999965308e+00 5.668240420439584360e-04
3.699999999999965095e+00 5.478048033350121611e-04
3.709999999999964881e+00 5.294116639244280526e-04
3.719999999999964668e+00 5.116245167621492592e-04
3.729999999999964455e+00 4.944238792943931758e-04
3.739999999999964242e+00 4.777908749761430440e-04
3.749999999999964029e+00 4.617072152912814957e-04
3.759999999999963816e+00 4.461551822682125672e-04
3.769999999999963602e+00 4.311176114790254673e-04
3.779999999999963389e+00 4.165778755104600347e-04
3.789999999999963176e+00 4.025198678951418755e-04
3.799999999999962963e+00 3.889279874917633394e-04
3.809999999999962750e+00 3.757871233030945536e-04
3.819999999999962537e+00 3.630826397209172755e-04
3.829999999999962323e+00 3.508003621871814666e-04
3.839999999999962110e+00 3.389265632608918404e-04
3.849999999999961897e+00 3.274479490804377995e-04
3.859999999999961684e+00 3.163516462112849295e-04
3.869999999999961471e+00 3.056251888691504238e-04
3.879999999999961258e+00 2.952565065089874014e-04
3.889999999999961044e+00 2.852339117703027839e-04
3.899999999999960831e+00 2.755460887695343605e-04
3.909999999999960618e+00 2.661820817304078220e-04
3.919999999999960405e+00 2.571312839433915467e-04
3.929999999999960192e+00 2.483834270455590409e-04
3.939999999999959979e+00 2.399285706123600805e-04
3.949999999999959766e+00 2.317570920529907425e-04
3.959999999999959552e+00 2.238596768012379907e-04
3.969999999999959339e+00 2.162273087938591776e-04
3.979999999999959126e+00 2.088512612287373956e-04
3.989999999999958913e+00 2.017230875952328315e-04
3.999999999999958700e+00 1.948346129693263504e-04
4.009999999999958931e+00 1.881779255663246306e-04
4.019999999999958717e+00 1.817453685440675805e-04
4.029999999999958504e+00 1.755295320497458466e-04
4.039999999999958291e+00 1.695232455036025374e-04
4.049999999999958078e+00 1.637195701129546979e-04
4.059999999999957865e+00 1.581117916101304509e-04
4.069999999999957652e+00 1.526934132080740903e-04
4.079999999999957438e+00 1.474581487675257743e-04
4.089999999999957225e+00 1.423999161698333066e-04
4.099999999999957012e+00 1.375128308896018665e-04
4.109999999999956799e+00 1.327911997615335100e-04
4.119999999999956586e+00 1.282295149359501574e-04
4.129999999999956373e+00 1.238224480176345146e-04
4.139999999999956160e+00 1.195648443827599701e-04
4.149999999999955946e+00 1.154517176688149766e-04
4.159999999999955733e+00 1.114782444325589431e-04
4.169999999999955520e+00 1.076397589711757332e-04
4.179999999999955307e+00 1.039317483019166517e-04
4.189999999999955094e+00 1.003498472956485438e-04
4.199999999999954881e+00 9.688983395984317247e-05
4.209999999999954667e+00 9.354762486666243194e-05
4.219999999999954454e+00 9.031927072190923248e-05
4.229999999999954241e+00 8.720095207072708454e-05
4.239999999999954028e+00 8.418897513604173949e-05
4.249999999999953815e+00 8.127976778584625889e-05
4.259999999999953602e+00 7.846987562553613268e-05
4.269999999999953388e+00 7.575595821160445919e-05
4.279999999999953175e+00 7.313478538310733926e-05
4.289999999999952962e+00 7.060323370740839417e-05
4.299999999999952749e+00 6.815828303680690307e-05
4.309999999999952536e+00 6.579701317274771696e-05
4.319999999999952323e+00 6.351660063440278930e-05
4.329999999999952109e+00 6.131431552850289161e-05
4.339999999999951896e+00 5.918751851738546238e-05
4.349999999999951683e+00 5.713365788230926121e-05
4.359999999999951470e+00 5.515026667916912310e-05
4.369999999999951257e+00 5.323495998382509099e-05
4.379999999999951044e+00 5.138543222433863294e-05
4.389999999999950830e+00 4.959945459748552055e-05
4.399999999999950617e+00 4.787487256698961938e-05
4.409999999999950404e+00 4.620960344099468042e-05
4.419999999999950191e+00 4.460163402636230435e-05
4.429999999999949978e+00 4.304901835745326706e-05
4.439999999999949765e+00 4.154987549711688591e-05
4.449999999999949551e+00 4.010238740767859929e-05
4.459999999999949338e+00 3.870479688977996067e-05
4.469999999999949125e+00 3.735540558698729184e-05
4.479999999999948912e+00 3.605257205414598936e-05
4.489999999999948699e+00 3.479470988751623515e-05
4.499999999999948486e+00 3.358028591478348060e-05
4.509999999999948272e+00 3.240781844309269342e-05
4.519999999999948059e+00 3.127587556330988471e-05
4.529999999999947846e+00 3.018307350876721105e-05
4.539999999999947633e+00 2.912807506679939817e-05
4.549999999999947420e+00 2.810958804142934693e-05
4.559999999999947207e+00 2.712636376560935103e-05
4.569999999999946994e+00 2.617719566147178983e-05
4.579999999999946780e+00 2.526091784708912638e-05
4.589999999999946567e+00 2.437640378828784875e-05
4.599999999999946354e+00 2.352256499410447618e-05
4.609999999999946141e+00 2.269834975451406585e-05
4.619999999999945928e+00 2.190274191910281167e-05
4.629999999999945715e+00 2.113475971539624556e-05
4.639999999999945501e+00 2.039345460559343387e-05
4.649999999999945288e+00 1.967791018049530523e-05
4.659999999999945075e+00 1.898724108945190600e-05
4.669999999999944862e+00 1.832059200518905615e-05
4.679999999999944649e+00 1.767713662240946482e-05
4.689999999999944436e+00 1.705607668909699511e-05
4.699999999999944222e+00 1.645664106948549718e-05
4.709999999999944009e+00 1.587808483768528398e-05
4.719999999999943796e+00 1.531968840099116948e-05
4.729999999999943583e+00 1.478075665192594379e-05
4.739999999999943370e+00 1.426061814810216199e-05
4.749999999999943157e+00 1.375862431901338364e-05
4.759999999999942943e+00 1.327414869889336135e-05
4.769999999999942730e+00 1.280658618480828816e-05
4.779999999999942517e+00 1.235535231917300971e-05
4.789999999999942304e+00 1.191988259590717025e-05
4.799999999999942091e+00 1.149963178947158050e-05
4.809999999999941878e+00 1.109407330604868973e-05
4.819999999999941664e+00 1.070269855615394515e-05
4.829999999999941451e+00 1.032501634798705632e-05
4.839999999999941238e+00 9.960552300853722129e-06
4.849999999999941025e+00 9.608848278009337075e-06
4.859999999999940812e+00 9.269461838296437595e-06
4.869999999999940599e+00 8.941965705967403638e-06
4.879999999999940385e+00 8.625947258102956833e-06
4.889999999999940172e+00 8.321008029055597383e-06
4.899999999999939959e+00 8.026763231365034869e-06
4.909999999999939746e+00 7.742841292610111984e-06
4.919999999999939533e+00 7.468883407678647270e-06
4.929999999999939320e+00 7.204543105952961397e-06
4.939999999999939106e+00 6.949485832924791818e-06
4.949999999999938893e+00 6.703388545768679339e-06
4.959999999999938680e+00 6.465939322417861176e-06
4.969999999999938467e+00 6.236836983701192670e-06
4.979999999999938254e+00 6.015790728113650114e-06
4.989999999999938041e+00 5.802519778806593361e-06
4.999999999999937828e+00 5.596753042397151781e-06
5.009999999999937614e+00 5.398228779208884826e-06
5.019999999999937401e+00 5.206694284568275749e-06
5.029999999999937188e+00 5.021905580793622922e-06
5.039999999999936975e+00 4.843627119524525470e-06
5.049999999999936762e+00 4.671631494051473752e-06
5.059999999999936549e+00 4.505699161315951482e-06
5.069999999999936335e+00 4.345618173262075503e-06
5.079999999999936122e+00 4.191183917231060206e-06
5.089999999999935909e+00 4.042198865099727579e-06
5.099999999999935696e+00 3.898472330873934955e-06
5.109999999999935483e+00 3.759820236457118816e-06
5.119999999999935270e+00 3.626064885323194200e-06
5.129999999999935056e+00 3.497034743831817768e-06
5.139999999999934843e+00 3.372564229932500537e-06
5.149999999999934630e+00 3.252493509012278007e-06
5.159999999999934417e+00 3.136668296649606245e-06
5.169999999999934204e+00 3.024939668044862194e-06
5.179999999999933991e+00 2.917163873905294756e-06
5.189999999999933777e+00 2.813202162569499240e-06
5.199999999999933564e+00 2.712920608163499492e-06
5.209999999999933351e+00 2.616189944587291973e-06
5.219999999999933138e+00 2.522885405137283622e-06
5.229999999999932925e+00 2.432886567576403072e-06
5.239999999999932712e+00 2.346077204469826488e-06
5.249999999999932498e+00 2.262345138610217329e-06
5.259999999999932285e+00 2.181582103362149343e-06
5.269999999999932072e+00 2.103683607760968692e-06
5.279999999999931859e+00 2.028548806206756030e-06
5.289999999999931646e+00 1.956080372599289524e-06
5.299999999999931433e+00 1.886184378764971249e-06
5.309999999999931219e+00 1.818770177031587321e-06
5.319999999999931006e+00 1.753750286811520160e-06
5.329999999999930793e+00 1.691040285058623688e-06
5.339999999999930580e+00 1.630558700468420450e-06
5.349999999999930367e+00 1.572226911295587031e-06
5.359999999999930154e+00 1.515969046666852438e-06
5.369999999999929940e+00 1.461711891271473379e-06
5.379999999999929727e+00 1.409384793315344444e-06
5.389999999999929514e+00 1.358919575628579539e-06
5.399999999999929301e+00 1.310250449820053159e-06
5.409999999999929088e+00 1.263313933375922620e-06
5.419999999999928875e+00 1.218048769602573110e-06
5.429999999999928662e+00 1.174395850317737002e-06
5.439999999999928448e+00 1.132298141196738517e-06
5.449999999999928235e+00 1.091700609683910549e-06
5.459999999999928022e+00 1.052550155382230835e-06
5.469999999999927809e+00 1.014795542837118357e-06
5.479999999999927596e+00 9.783873366331376853e-07
5.489999999999927383e+00 9.432778387250711141e-07
5.499999999999927169e+00 9.094210279274399517e-07
5.509999999999926956e+00 8.767725014890974721e-07
5.519999999999926743e+00 8.452894186819681698e-07
5.529999999999926530e+00 8.149304463353833659e-07
5.539999999999926317e+00 7.856557062497596254e-07
5.549999999999926104e+00 7.574267244255869412e-07
5.559999999999925890e+00 7.302063820458426705e-07
5.569999999999925677e+00 7.039588681520232846e-07
5.579999999999925464e+00 6.786496339559960044e-07
5.589999999999925251e+00 6.542453487318148520e-07
5.599999999999925038e+00 6.307138572335239425e-07
5.609999999999924825e+00 6.080241385867884699e-07
5.619999999999924611e+00 5.861462666039501601e-07
5.629999999999924398e+00 5.650513714738012109e-07
5.639999999999924185e+00 5.447116027790164130e-07
5.649999999999923972e+00 5.251000937957675257e-07
5.659999999999923759e+00 5.061909270315820828e-07
5.669999999999923546e+00 4.879591009589920690e-07
5.679999999999923332e+00 4.703804979039533068e-07
5.689999999999923119e+00 4.534318530494038347e-07
5.699999999999922906e+00 4.370907245156720015e-07
5.709999999999922693e+00 4.213354644807400041e-07
5.719999999999922480e+00 4.061451913046237986e-07
5.729999999999922267e+00 3.914997626233415137e-07
5.739999999999922053e+00 3.773797493791138396e-07
5.749999999999921840e+00 3.637664107545724004e-07
5.759999999999921627e+00 3.506416699798470131e-07
5.769999999999921414e+00 3.379880909824600467e-07
5.779999999999921201e+00 3.257888558509789925e-07
5.789999999999920988e+00 3.140277430843671074e-07
5.799999999999920774e+00 3.026891065999264428e-07
5.809999999999920561e+00 2.917578554736518387e-07
5.819999999999920348e+00 2.812194343877060228e-07
5.829999999999920135e+00 2.710598047605883351e-07
5.839999999999919922e+00 2.612654265364038242e-07
5.849999999999919709e+00 2.518232406104437161e-07
5.859999999999919496e+00 2.427206518690674221e-07
5.869999999999919282e+00 2.339455128226282861e-07
5.879999999999919069e+00 2.254861078109114416e-07
5.889999999999918856e+00 2.173311377612555847e-07
5.899999999999918643e+00 2.094697054802080687e-07
5.909999999999918430e+00 2.018913014602190707e-07
5.919999999999918217e+00 1.945857901835141337e-07
5.929999999999918003e+00 1.875433969058964773e-07
5.939999999999917790e+00 1.807546949038221203e-07
5.949999999999917577e+00 1.742105931686624478e-07
5.959999999999917364e+00 1.679023245326207239e-07
5.969999999999917151e+00 1.618214342113031316e-07
5.979999999999916938e+00 1.559597687484596803e-07
5.989999999999916724e+00 1.503094653489089303e-07
5.999999999999916511e+00 1.448629415861408332e-07
6.009999999999916298e+00 1.396128854715576154e-07
6.019999999999916085e+00 1.345522458727605553e-07
6.029999999999915872e+00 1.296742232687251882e-07
6.039999999999915659e+00 1.249722608301257254e-07
6.049999999999915445e+00 1.204400358134745935e-07
6.059999999999915232e+00 1.160714512581336636e-07
6.069999999999915019e+00 1.118606279756316550e-07
6.079999999999914806e+00 1.078018968210865890e-07
6.089999999999914593e+00 1.038897912368848294e-07
6.099999999999914380e+00 1.001190400591083654e-07
6.109999999999914166e+00 9.648456057753073943e-08
6.119999999999913953e+00 9.298145184031942906e-08
6.129999999999913740e+00 8.960498819488917546e-08
6.139999999999913527e+00 8.635061305664693225e-08
6.149999999999913314e+00 8.321393289765495620e-08
6.159999999999913101e+00 8.019071144751497214e-08
6.169999999999912887e+00 7.727686409904298751e-08
6.179999999999912674e+00 7.446845251156206838e-08
6.189999999999912461e+00 7.176167940488900602e-08
6.199999999999912248e+00 6.915288353733130772e-08
6.209999999999912035e+00 6.663853486124283389e-08
6.219999999999911822e+00 6.421522984991049668e-08
6.229999999999911608e+00 6.187968698976077295e-08
6.239999999999911395e+00 5.962874243208377639e-08
6.249999999999911182e+00 5.745934579867442612e-08
6.259999999999910969e+00 5.536855613598494089e-08
6.269999999999910756e+00 5.335353801257106162e-08
6.279999999999910543e+00 5.141155775479615982e-08
6.289999999999910330e+00 4.953997981593255317e-08
6.299999999999910116e+00 4.773626327396888849e-08
6.309999999999909903e+00 4.599795845359586348e-08
6.319999999999909690e+00 4.432270366800042445e-08
6.329999999999909477e+00 4.270822207625105632e-08
6.339999999999909264e+00 4.115231865220386723e-08
6.349999999999909051e+00 3.965287726100129951e-08
6.359999999999908837e+00 3.820785783937245191e-08
6.369999999999908624e+00 3.681529367607641973e-08
6.379999999999908411e+00 3.547328878895794829e-08
6.389999999999908198e+00 3.418001539520803745e-08
6.399999999999907985e+00 3.293371147154138173e-08
6.409999999999907772e+00 3.173267840111754124e-08
6.419999999999907558e+00 3.057527870414368715e-08
6.429999999999907345e+00 2.945993384920415962e-08
6.439999999999907132e+00 2.838512214246531185e-08
6.449999999999906919e+00 2.734937669200424214e-08
6.459999999999906706e+00 2.635128344460627026e-08
6.469999999999906493e+00 2.538947929246919103e-08
6.479999999999906279e+00 2.446265024734213032e-08
6.489999999999906066e+00 2.356952967971359988e-08
6.499999999999905853e+00 2.270889662074701509e-08
6.509999999999905640e+00 2.187957412474280145e-08
6.519999999999905427e+00 2.108042768998412973e-08
6.529999999999905214e+00 2.031036373589865227e-08
6.539999999999905000e+00 1.956832813454128952e-08
6.549999999999904787e+00 1.885330479447315107e-08
6.559999999999904574e+00 1.816431429517947494e-08
6.569999999999904361e+00 1.750041257023471005e-08
6.579999999999904148e+00 1.686068963748596079e-08
6.589999999999903935e+00 1.624426837458683041e-08
6.599999999999903721e+00 1.565030333827246267e-08
6.609999999999903508e+00 1.507797962582322665e-08
6.619999999999903295e+00 1.452651177721921088e-08
6.629999999999903082e+00 1.399514271654045548e-08
6.639999999999902869e+00 1.348314273121882354e-08
6.649999999999902656e+00 1.298980848779655249e-08
6.659999999999902442e+00 1.251446208289398648e-08
6.669999999999902229e+00 1.205645012813476028e-08
6.679999999999902016e+00 1.161514286782089011e-08
6.689999999999901803e+00 1.118993332819288767e-08
6.699999999999901590e+00 1.078023649715110447e-08
6.709999999999901377e+00 1.038548853335426841e-08
6.719999999999901164e+00 1.000514600364945251e-08
6.729999999999900950e+00 9.638685147824694529e-09
6.739999999999900737e+00 9.285601169711153813e-09
6.749999999999900524e+00 8.945407553696111058e-09
6.759999999999900311e+00 8.617635405741332639e-09
6.769999999999900098e+00 8.301832818033367973e-09
6.779999999999899885e+00 7.997564256423255099e-09
6.789999999999899671e+00 7.704409969842969214e-09
6.799999999999899458e+00 7.421965420914716620e-09
6.809999999999899245e+00 7.149840736996948271e-09
6.819999999999899032e+00 6.887660180937789292e-09
6.829999999999898819e+00 6.635061640832410363e-09
6.839999999999898606e+00 6.391696138105823743e-09
6.849999999999898392e+00 6.157227353266657657e-09
6.859999999999898179e+00 5.931331168700680897e-09
6.869999999999897966e+00 5.713695227895243767e-09
6.879999999999897753e+00 5.504018510507434737e-09
6.889999999999897540e+00 5.302010922709580580e-09
6.899999999999897327e+00 5.107392902265857981e-09
6.909999999999897113e+00 4.919895037813168728e-09
6.919999999999896900e+00 4.739257701838177012e-09
6.929999999999896687e+00 4.565230696860449818e-09
6.939999999999896474e+00 4.397572914349083307e-09
6.949999999999896261e+00 4.236052005916989065e-09
6.959999999999896048e+00 4.080444066353253252e-09
6.969999999999895834e+00 3.930533328069601386e-09
6.979999999999895621e+00 3.786111866552109917e-09
6.989999999999895408e+00 3.646979316423852151e-09
6.999999999999895195e+00 3.512942597738214069e-09
7.009999999999894982e+00 3.383815652136160704e-09
7.019999999999894769e+00 3.259419188513793231e-09
7.029999999999894555e+00 3.139580437859153926e-09
7.039999999999894342e+00 3.024132916929379586e-09
7.049999999999894129e+00 2.912916200451045392e-09
7.059999999999893916e+00 2.805775701537838440e-09
7.069999999999893703e+00 2.702562460030625970e-09
7.079999999999893490e+00 2.603132938475496775e-09
7.089999999999893276e+00 2.507348825465510437e-09
7.099999999999893063e+00 2.415076846081680725e-09
7.109999999999892850e+00 2.326188579178161413e-09
7.119999999999892637e+00 2.240560281265714107e-09
7.129999999999892424e+00 2.158072716756320718e-09
7.139999999999892211e+00 2.078610994340280559e-09
7.149999999999891998e+00 2.002064409275300459e-09
7.159999999999891784e+00 1.928326291374975509e-09
7.169999999999891571e+00 1.857293858491651595e-09
7.179999999999891358e+00 1.788868075296002915e-09
7.189999999999891145e+00 1.722953517162721174e-09
7.199999999999890932e+00 1.659458238978540504e-09
7.209999999999890719e+00 1.598293648695392859e-09
7.219999999999890505e+00 1.539374385457839322e-09
7.229999999999890292e+00 1.482618202140034572e-09
7.239999999999890079e+00 1.427945852133386622e-09
7.249999999999889866e+00 1.375280980231760760e-09
7.259999999999889653e+00 1.324550017466565842e-09
7.269999999999889440e+00 1.275682079749353154e-09
7.279999999999889226e+00 1.228608870184659688e-09
7.289999999999889013e+00 1.183264584920751713e-09
7.299999999999888800e+00 1.139585822410667744e-09
7.309999999999888587e+00 1.097511495960540127e-09
7.319999999999888374e+00 1.056982749446584377e-09
7.329999999999888161e+00 1.017942876086404736e-09
7.339999999999887947e+00 9.803372401543656097e-10
7.349999999999887734e+00 9.441132015347392726e-10
7.359999999999887521e+00 9.092200430101540501e-10
7.369999999999887308e+00 8.756089001865488732e-10
7.379999999999887095e+00 8.432326939593872511e-10
7.389999999999886882e+00 8.120460654293069962e-10
7.399999999999886668e+00 7.820053131786806265e-10
7.409999999999886455e+00 7.530683328237433252e-10
7.419999999999886242e+00 7.251945587600120085e-10
7.429999999999886029e+00 6.983449080216792198e-10
7.439999999999885816e+00 6.724817261785151034e-10
7.449999999999885603e+00 6.475687351965630513e-10
7.459999999999885389e+00 6.235709831915653141e-10
7.469999999999885176e+00 6.004547960066109642e-10
7.479999999999884963e+00 5.781877305479654516e-10
7.489999999999884750e+00 5.567385298154160416e-10
7.499999999999884537e+00 5.360770795657603637e-10
7.509999999999884324e+00 5.161743665502737725e-10
7.519999999999884110e+00 4.970024382691229680e-10
7.529999999999883897e+00 4.785343641877455582e-10
7.539999999999883684e+00 4.607441983621969125e-10
7.549999999999883471e+00 4.436069434223738073e-10
7.559999999999883258e+00 4.270985158638658202e-10
7.569999999999883045e+00 4.111957126009596322e-10
7.579999999999882832e+00 3.958761787350322638e-10
7.589999999999882618e+00 3.811183764942187195e-10
7.599999999999882405e+00 3.669015553018300310e-10
7.609999999999882192e+00 3.532057229325300381e-10
7.619999999999881979e+00 3.400116177167579399e-10
7.629999999999881766e+00 3.273006817553074277e-10
7.639999999999881553e+00 3.150550351073480413e-10
7.649999999999881339e+00 3.032574509164973614e-10
7.659999999999881126e+00 2.918913314408292465e-10
7.669999999999880913e+00 2.809406849539348958e-10
7.679999999999880700e+00 2.703901034853379340e-10
7.689999999999880487e+00 2.602247413697101042e-10
7.699999999999880274e+00 2.504302945754345100e-10
7.709999999999880060e+00 2.409929807841277237e-10
7.719999999999879847e+00 2.318995201937545758e-10
7.729999999999879634e+00 2.231371170189581534e-10
7.739999999999879421e+00 2.146934416631781490e-10
7.749999999999879208e+00 2.065566135380487139e-10
7.759999999999878995e+00 1.987151845064505051e-10
7.769999999999878781e+00 1.911581229264445128e-10
7.779999999999878568e+00 1.838747982741362351e-10
7.789999999999878355e+00 1.768549663243106083e-10
7.799999999999878142e+00 1.700887548684414370e-10
7.809999999999877929e+00 1.635666499504142466e-10
7.819999999999877716e+00 1.572794826010106116e-10
7.829999999999877502e+00 1.512184160528851582e-10
7.839999999999877289e+00 1.453749334184247978e-10
7.849999999999877076e+00 1.397408258135144304e-10
7.859999999999876863e+00 1.343081809108451063e-10
7.869999999999876650e+00 1.290693719069894589e-10
7.879999999999876437e+00 1.240170468880379602e-10
7.889999999999876223e+00 1.191441185791362636e-10
7.899999999999876010e+00 1.144437544637916812e-10
7.909999999999875797e+00 1.099093672593250783e-10
7.919999999999875584e+00 1.055346057353340562e-10
7.929999999999875371e+00 1.013133458625054081e-10
7.939999999999875158e+00 9.723968227956951051e-11
7.949999999999874944e+00 9.330792006662740805e-11
7.959999999999874731e+00 8.951256681350336636e-11
7.969999999999874518e+00 8.584832497218269343e-11
7.979999999999874305e+00 8.231008448278613070e-11
7.989999999999874092e+00 7.889291566290976234e-11
7.999999999999873879e+00 7.559206235052300176e-11
8.009999999999873666e+00 7.240293529096756392e-11
8.019999999999873452e+00 6.932110575893766676e-11
8.029999999999873239e+00 6.634229940664682577e-11
8.039999999999873026e+00 6.346239032969961609e-11
8.049999999999872813e+00 6.067739534248833536e-11
8.059999999999872600e+00 5.798346845522474440e-11
8.069999999999872387e+00 5.537689554499690782e-11
8.079999999999872173e+00 5.285408921351025588e-11
8.089999999999871960e+00 5.041158382443132236e-11
8.099999999999871747e+00 4.804603071350229956e-11
8.109999999999871534e+00 4.575419356483482126e-11
8.119999999999871321e+00 4.353294394702282062e-11
8.129999999999871108e+00 4.137925700293695102e-11
8.139999999999870894e+00 3.929020728727749135e-11
8.149999999999870681e+00 3.726296474616886422e-11
8.159999999999870468e+00 3.529479083327749034e-11
8.169999999999870255e+00 3.338303475712569013e-11
8.179999999999870042e+00 3.152512985445811384e-11
8.189999999999869829e+00 2.971859008469391997e-11
8.199999999999869615e+00 2.796100664066800754e-11
8.209999999999869402e+00 2.625004467102807314e-11
8.219999999999869189e+00 2.458344010981150203e-11
8.229999999999868976e+00 2.295899660887721496e-11
8.239999999999868763e+00 2.137458256901291142e-11
8.249999999999868550e+00 1.982812826567769758e-11
8.259999999999868336e+00 1.831762306547426543e-11
8.269999999999868123e+00 1.684111272957361275e-11
8.279999999999867910e+00 1.539669680043902549e-11
8.289999999999867697e+00 1.398252606831484579e-11
8.299999999999867484e+00 1.259680011405954188e-11
8.309999999999867271e+00 1.123776492501204540e-11
8.319999999999867057e+00 9.903710580685215524e-12
8.329999999999866844e+00 8.592969005180930369e-12
8.339999999999866631e+00 7.303911783317763460e-12
8.349999999999866418e+00 6.034948037554591018e-12
8.359999999999866205e+00 4.784522362881972907e-12
8.369999999999865992e+00 3.551112816937865799e-12
8.379999999999865778e+00 2.333228962685255289e-12
8.389999999999865565e+00 1.129409961066789338e-12
8.399999999999865352e+00 -6.177728887447652084e-14
8.409999999999865139e+00 -1.241739964848393120e-12
8.419999999999864926e+00 -2.411861093517803990e-12
8.429999999999864713e+00 -3.573501282353788721e-12
8.439999999999864500e+00 -4.728000413393172383e-12
8.449999999999864286e+00 -5.876679301087092996e-12
8.459999999999864073e+00 -7.020841316373972920e-12
8.469999999999863860e+00 -8.161773979057603369e-12
8.479999999999863647e+00 -9.300750520521116499e-12
8.489999999999863434e+00 -1.043903141876033492e-11
8.499999999999863221e+00 -1.157786590767529044e-11
8.509999999999863007e+00 -1.271849346251648852e-11
8.519999999999862794e+00 -1.386214526334274997e-11
8.529999999999862581e+00 -1.501004563831009997e-11
8.539999999999862368e+00 -1.616341348857609784e-11
8.549999999999862155e+00 -1.732346369657128536e-11
8.559999999999861942e+00 -1.849140851935882555e-11
8.569999999999861728e+00 -1.966845896877508279e-11
8.579999999999861515e+00 -2.085582618001762086e-11
8.589999999999861302e+00 -2.205472277032296324e-11
8.599999999999861089e+00 -2.326636418935432025e-11
8.609999999999860876e+00 -2.449197006289940902e-11
8.619999999999860663e+00 -2.573276553146037495e-11
8.629999999999860449e+00 -2.698998258530159662e-11
8.639999999999860236e+00 -2.826486139750691922e-11
8.649999999999860023e+00 -2.955865165658547689e-11
8.659999999999859810e+00 -3.087261390015468831e-11
8.669999999999859597e+00 -3.220802085122033455e-11
8.679999999999859384e+00 -3.356615875856683264e-11
8.689999999999859170e+00 -3.494832874276551640e-11
8.699999999999858957e+00 -3.635584814930572422e-11
8.709999999999858744e+00 -3.779005191035171341e-11
8.719999999999858531e+00 -3.925229391662871773e-11
8.729999999999858318e+00 -4.074394840094354586e-11
8.739999999999858105e+00 -4.226641133484856282e-11
8.749999999999857891e+00 -4.382110183996362195e-11
8.759999999999857678e+00 -4.540946361547739776e-11
8.769999999999857465e+00 -4.703296638335868796e-11
8.779999999999857252e+00 -4.869310735281868982e-11
8.789999999999857039e+00 -5.039141270557769623e-11
8.799999999999856826e+00 -5.212943910350369913e-11
8.809999999999856612e+00 -5.390877522020619523e-11
8.819999999999856399e+00 -5.573104329818609215e-11
8.829999999999856186e+00 -5.759790073316183229e-11
8.839999999999855973e+00 -5.951104168721313211e-11
8.849999999999855760e+00 -6.147219873240639164e-11
8.859999999999855547e+00 -6.348314452659070248e-11
8.869999999999855333e+00 -6.554569352307982016e-11
8.879999999999855120e+00 -6.766170371596369410e-11
8.889999999999854907e+00 -6.983307842282369613e-11
8.899999999999854694e+00 -7.206176810665733448e-11
8.909999999999854481e+00 -7.434977223885267157e-11
8.919999999999854268e+00 -7.669914120508846552e-11
8.929999999999854055e+00 -7.911197825607387265e-11
8.939999999999853841e+00 -8.159044150508178318e-11
8.949999999999853628e+00 -8.413674597427162165e-11
8.959999999999853415e+00 -8.675316569184171102e-11
8.969999999999853202e+00 -8.944203584209734994e-11
8.979999999999852989e+00 -9.220575497056923312e-11
8.989999999999852776e+00 -9.504678724636744521e-11
8.999999999999852562e+00 -9.796766478400904270e-11
9.009999999999852349e+00 -1.009709900270124271e-10
9.019999999999852136e+00 -1.040594381956091630e-10
9.029999999999851923e+00 -1.072357598009840325e-10
9.039999999999851710e+00 -1.105027832285161570e-10
9.049999999999851497e+00 -1.138634173925593521e-10
9.059999999999851283e+00 -1.173206544653670479e-10
9.069999999999851070e+00 -1.208775726828375644e-10
9.079999999999850857e+00 -1.245373392298282679e-10
9.089999999999850644e+00 -1.283032132078628097e-10
9.099999999999850431e+00 -1.321785486881345159e-10
9.109999999999850218e+00 -1.361667978527900072e-10
9.119999999999850004e+00 -1.402715142275622517e-10
9.129999999999849791e+00 -1.444963560089094414e-10
9.139999999999849578e+00 -1.488450894889070758e-10
9.149999999999849365e+00 -1.533215925812350866e-10
9.159999999999849152e+00 -1.579298584516987495e-10
9.169999999999848939e+00 -1.626739992568236379e-10
9.179999999999848725e+00 -1.675582499941691768e-10
9.189999999999848512e+00 -1.725869724681136889e-10
9.199999999999848299e+00 -1.777646593749759092e-10
9.209999999999848086e+00 -1.830959385114535153e-10
9.219999999999847873e+00 -1.885855771104798624e-10
9.229999999999847660e+00 -1.942384863087232801e-10
9.239999999999847446e+00 -2.000597257500825664e-10
9.249999999999847233e+00 -2.060545083296640636e-10
9.259999999999847020e+00 -2.122282050828639726e-10
9.269999999999846807e+00 -2.185863502243203617e-10
9.279999999999846594e+00 -2.251346463416469792e-10
9.289999999999846381e+00 -2.318789697490119648e-10
9.299999999999846167e+00 -2.388253760057816407e-10
9.309999999999845954e+00 -2.459801056056113053e-10
9.319999999999845741e+00 -2.533495898415326596e-10
9.329999999999845528e+00 -2.609404568527602270e-10
9.339999999999845315e+00 -2.687595378591179998e-10
9.349999999999845102e+00 -2.768138735891722690e-10
9.359999999999844889e+00 -2.851107209083474649e-10
9.369999999999844675e+00 -2.936575596534988856e-10
9.379999999999844462e+00 -3.024620996806201943e-10
9.389999999999844249e+00 -3.115322881325732045e-10
9.399999999999844036e+00 -3.208763169339462107e-10
9.409999999999843823e+00 -3.305026305203700455e-10
9.419999999999843610e+00 -3.404199338098544155e-10
9.429999999999843396e+00 -3.506372004239453954e-10
9.439999999999843183e+00 -3.611636811667535841e-10
9.449999999999842970e+00 -3.720089127701569350e-10
9.459999999999842757e+00 -3.831827269137468201e-10
9.469999999999842544e+00 -3.946952595283583346e-10
9.479999999999842331e+00 -4.065569603923074071e-10
9.489999999999842117e+00 -4.187786030297480274e-10
9.499999999999841904e+00 -4.313712949208629686e-10
9.509999999999841691e+00 -4.443464880339117274e-10
9.519999999999841478e+00 -4.577159896894798319e-10
9.529999999999841265e+00 -4.714919737676037691e-10
9.539999999999841052e+00 -4.856869922687875068e-10
9.549999999999840838e+00 -5.003139872402800026e-10
9.559999999999840625e+00 -5.153863030793457575e-10
9.569999999999840412e+00 -5.309176992256382339e-10
9.579999999999840199e+00 -5.469223632551727181e-10
9.589999999999839986e+00 -5.634149243887976306e-10
9.599999999999839773e+00 -5.804104674284763070e-10
9.609999999999839559e+00 -5.979245471351194453e-10
9.619999999999839346e+00 -6.159732030621501257e-10
9.629999999999839133e+00 -6.345729748594383657e-10
9.639999999999838920e+00 -6.537409180627140771e-10
9.649999999999838707e+00 -6.734946203840531569e-10
9.659999999999838494e+00 -6.938522185195329248e-10
9.669999999999838280e+00 -7.148324154906722754e-10
9.679999999999838067e+00 -7.364544985368068968e-10
9.689999999999837854e+00 -7.587383575761026653e-10
9.699999999999837641e+00 -7.817045042534808794e-10
9.709999999999837428e+00 -8.053740915943197022e-10
9.719999999999837215e+00 -8.297689342834025077e-10
9.729999999999837001e+00 -8.549115295892147557e-10
9.739999999999836788e+00 -8.808250789543381889e-10
9.749999999999836575e+00 -9.075335102733623994e-10
9.759999999999836362e+00 -9.350615008804255436e-10
9.769999999999836149e+00 -9.634345012692096351e-10
9.779999999999835936e+00 -9.926787595689559619e-10
9.789999999999835723e+00 -1.022821346800826255e-09
9.799999999999835509e+00 -1.053890182939721462e-09
9.809999999999835296e+00 -1.085914063807486012e-09
9.819999999999835083e+00 -1.118922688824260251e-09
9.829999999999834870e+00 -1.152946689645613051e-09
9.839999999999834657e+00 -1.188017659713980297e-09
9.849999999999834444e+00 -1.224168184753858557e-09
9.859999999999834230e+00 -1.261431874241159637e-09
9.869999999999834017e+00 -1.299843393878111745e-09
9.879999999999833804e+00 -1.339438499106118248e-09
9.889999999999833591e+00 -1.380254069690027921e-09
9.899999999999833378e+00 -1.422328145408361177e-09
9.909999999999833165e+00 -1.465699962885154735e-09
9.919999999999832951e+00 -1.510409993600244179e-09
9.929999999999832738e+00 -1.556499983116000809e-09
9.939999999999832525e+00 -1.604012991559771269e-09
9.949999999999832312e+00 -1.652993435402543511e-09
9.959999999999832099e+00 -1.703487130575678946e-09
9.969999999999831886e+00 -1.755541336968909444e-09
9.979999999999831672e+00 -1.809204804354201401e-09
9.989999999999831459e+00 -1.864527819781540132e-09
9.999999999999831246e+00 -1.921562256494182193e-09
1.000000000000000000e+01 -1.921562256495159507e-09
